,taxa326977,taxa469873,taxa357591,taxa190872,taxa263681,taxa361480,taxa347862,taxa517293,taxa2000,taxa322235,taxa158660,taxa331820,taxa244304,taxa361496,taxa127309,taxa248140,taxa348374,taxa470812,taxa268540,taxa291090,taxa541301,taxa171772,taxa259569,taxa104780,taxa138006,taxa181095,taxa278234,taxa177339,taxa193066,taxa405524,taxa346780,taxa549871,taxa544358,taxa302160,taxa192573,taxa175497,taxa302974,taxa194648,taxa195173,taxa287978,taxa199487,taxa190108,taxa191306,taxa299892,taxa174348,taxa192127,taxa183200,taxa182980,taxa181843,taxa194053,taxa109014,taxa518438,taxa193343,taxa357795,taxa352304,taxa179460,taxa469991,taxa175537,taxa288134,taxa190464,taxa178915,taxa366612,taxa261912,taxa185281,taxa511008,taxa470973,taxa162162,taxa181028,taxa204044,taxa470172,taxa328422,taxa213747,taxa262724,taxa82283,taxa316732,taxa293896,taxa196731,taxa167602,taxa470114,taxa170206,taxa365676,taxa223059,taxa187524,taxa191541,taxa212619,taxa357470,taxa326792,taxa325407,taxa188646,taxa171551,taxa290260,taxa367433,taxa310301,taxa193761,taxa327476,taxa189047,taxa180658,taxa269833,taxa367055,taxa203708,taxa181892,taxa589024,condition
0,0.02750490344464399,0.00267875284565656,0.010387423960324601,0.0010574024390749592,0.04187728326360007,0.01296665657642115,0.0035454081780748646,0.009947876279767953,0.002089924820759921,0.03317340985333204,0.07110720402061725,0.17568637858324654,0.043805487711324996,0.020998768437159244,0.009678342324709623,0.00802796518450636,0.01623009077074272,0.0011776560497932886,0.003371247776344874,0.018286842181649308,0.0021604183166982465,0.0022184717839415827,0.022421078384620773,0.001443043328619945,0.00328831425171154,0.0017664840746899277,0.0011735093735616227,0.0026538727882665634,0.0028363265424598957,0.002197738402783252,0.0011735093735616227,0.0046857441417831585,0.0015176835007899468,0.0028736466285448916,0.03445473280891698,0.001832830894396597,0.0012937629842799522,0.003823235485596519,0.0029773135343365564,0.00763403094249804,0.005639479675066451,0.0015923236729599376,0.0010864291726966227,0.0017872174558482693,0.0012813229555849535,0.003143180583603214,0.0026828995218882265,0.0011278959350132947,0.0019074710665665882,0.004221316403836504,0.0018867376854082572,0.006211720995036425,0.0025875259685599044,0.009686635677172966,0.0027990064563748894,0.0019862579149682565,0.0012605895744266227,0.002089924820759921,0.0040264226209481835,0.004034715973411516,0.0012357095170366153,0.0017457506935315966,0.002371898804513243,0.0012232694883416166,0.001318643041669949,0.005693386466078112,0.0018162441894699322,0.0010574024390749592,0.0,0.0061992809663414285,0.0024755657103049072,0.0011818027260249548,0.0016545238164349411,0.0015342702057166112,0.019414738116662635,0.002898526685934888,0.014621180392856158,0.0012605895744266227,0.0015674436155699407,0.0016462304639716088,0.005233105404363135,0.008612646533171342,0.007244243376721387,0.005859253515344781,0.0033878344812715393,0.007994791774653032,0.0023014053085749055,0.021745170158859153,0.0014098699187666153,0.04136724208710509,0.01340620425697783,0.007376937016134717,0.0017789241033849365,0.012510522190937873,0.006157814204024765,0.06048756619131931,0.029723375228585546,0.004038862649643182,0.001791364132079935,0.0027533930178265612,0.00107813582023329,0.003761035342121527,Control
1,0.027098696523648113,0.002788717314531622,0.010474289437318176,0.0012283635790198786,0.041527818700175564,0.012848019056234965,0.003377999842304678,0.009752210846948385,0.0019338426615650875,0.03297077241659789,0.07049395985409032,0.17645691805237979,0.04306742305090654,0.021197571492005234,0.009822758755202912,0.007976063509716943,0.016259217914188887,0.0010872677625108388,0.0032991521801378583,0.018325856638350638,0.0019462922924335317,0.00202928983155649,0.022044146391059557,0.0013819090263973725,0.0032950023031817098,0.001967041677214271,0.001108017147291578,0.0027223192832332554,0.0027679679297508823,0.0020375895854687857,0.001170265301633807,0.0046727614526229245,0.001469056442476479,0.0031539064866726693,0.034933664216855995,0.0017512480754945583,0.0011827149325022513,0.003979732000946169,0.002971311900602151,0.007781019292777969,0.005926024293379701,0.001693149798108487,0.0,0.0017968967220121956,0.0010748181316423946,0.0031082578401550433,0.0026808205136717653,0.0,0.0018010465989683436,0.004145727079192096,0.0018176461067929354,0.006747699930697052,0.002481626419776655,0.00982690863215906,0.002639321744110287,0.0020666387241618316,0.0013777591494412143,0.0024235281423905736,0.004183075971797437,0.004270223387876544,0.0010872677625108388,0.0017719974602752981,0.0023031817106622726,0.0011453660398969203,0.0011453660398969203,0.005872075892949777,0.0016848500441961909,0.0010540687468616554,0.0011163169012038743,0.006204066049441631,0.0023861792497852424,0.0011412161629407722,0.001568653489424039,0.0015437542276871515,0.019525171078677486,0.0027638180527947338,0.014337824883492159,0.0011827149325022513,0.0016018525050732221,0.0017304986907138184,0.005448788443422648,0.009187827580912227,0.00741583012063692,0.0057392798303530345,0.003498346274032979,0.00783496769320789,0.002477476542820507,0.021894750820638166,0.0013196608720551434,0.04206730270447478,0.013346004290972819,0.007818368185383298,0.001892343892003598,0.011939196002838477,0.006370061127687558,0.06123558436492357,0.02929813131040661,0.004170626340928994,0.0018757443841790063,0.0026600711288910263,0.0012159139481514344,0.0037141398757526804,Control
2,0.02751400810436558,0.002827691397440481,0.010554994810593516,0.0011015482598336606,0.041673870364180486,0.01299025621013615,0.003536260806232337,0.00965652221400772,0.0021081449257703572,0.0331205429694382,0.07078174799846985,0.17665167748730629,0.04338135249489431,0.021128101774936174,0.009961684562023423,0.008306343479981411,0.016050112487451883,0.0011580801336567212,0.0033930101356710127,0.01843158627889097,0.0020779580028551336,0.002166872212169059,0.022169276188939442,0.0014670844536798185,0.0034934502610071104,0.0017563300605220335,0.0011992441194502016,0.0026394347690782685,0.0029177033130422365,0.002270605456368649,0.0012244913640702074,0.004711904240494278,0.0014434837684915484,0.0029478902359574605,0.035004755812492,0.0017640140045368184,0.0012201005389189045,0.0038913687903441322,0.003075773018489215,0.007765723133226971,0.005753627507641407,0.0016816860329498466,0.0010658728054793137,0.00178267501142987,0.0012014395320258527,0.0029605138582674533,0.002737130628694809,0.0,0.00186994266131206,0.004177321278322886,0.001855123626426405,0.006714120509489396,0.0026460210068052323,0.009752022661048609,0.002814518921986562,0.001912753206537276,0.001249738608690213,0.002290364169549521,0.004051085055222857,0.004108165782189822,0.001095510875250622,0.0018693938081681446,0.002398488238900403,0.0011569824273688905,0.001229979895509341,0.005728929116165318,0.0017623674451050825,0.0,0.0,0.00607745086255016,0.0025916845455578336,0.0011438099519149722,0.0016169213619680965,0.0016141770962485296,0.019959593431545096,0.0030373532984153016,0.014448010160369371,0.0011564335742249748,0.0016443640191637534,0.0016377777814367994,0.005186662209979139,0.00875091452655105,0.0071477144931807735,0.0057404550321875,0.0033216592269622977,0.007745415566902181,0.0024605086441625863,0.02152711801056099,0.0013304200208454381,0.04165026967899231,0.01306050941255695,0.0075341071064956265,0.0018024337246107425,0.01211648200502636,0.006535194384573713,0.060632904514372005,0.02957714707233497,0.004251416452751157,0.0017865169834372571,0.002571925832376961,0.0011449076582028027,0.0037969660495910736,Control
3,0.027391218641918028,0.0027517656499204575,0.010749209016711657,0.0011299761261431636,0.04152239144762386,0.01293548881672085,0.0035243308251513747,0.009373326191751479,0.0020528729269667077,0.03322030253492969,0.07097345203226463,0.17685769070711593,0.04372260927914496,0.02133414837631895,0.009820338773811643,0.008310053502129534,0.01628360310061469,0.0011419230102962226,0.003420791162491565,0.018281719475213183,0.002076766695272816,0.002103647184617197,0.022068881751731814,0.0014455729825197177,0.0034616096833478367,0.0017432495126666876,0.0011797548101142323,0.0026183587768780045,0.0029170308807043854,0.0022499965154921197,0.001158847762846386,0.004621453019873643,0.001434621672046079,0.0028124956443651545,0.03489784418475463,0.0017890459019200631,0.0012235600520087656,0.003809064897465865,0.0030295307064789915,0.007697775689285443,0.005835057335088201,0.0017054177128486788,0.0,0.0017283159074753661,0.00118971054690845,0.0029419202226899244,0.002771677123508883,0.0,0.0019065235960917736,0.004211276663952076,0.0018846209751445069,0.0067340603676056265,0.0026462348399017965,0.009774542384558257,0.002809508923326893,0.00192743064335962,0.0012126087415351378,0.0022748858574776596,0.0040589538910006185,0.003984285865044021,0.001117033668310694,0.0018517670437236014,0.0024451289566587014,0.0011439141576550643,0.0012225644783293449,0.005782291930078872,0.0018029839334319643,0.0011140469472724315,0.0,0.006134725012594012,0.0025217881299741405,0.0011060823578370553,0.0015690241187679636,0.0016098426396242349,0.019916451456822946,0.003033513001196685,0.014412920156982093,0.0011568566154875448,0.0016556390288776101,0.001677541649824877,0.005269571485176904,0.008995008193571385,0.007157179181359684,0.005720566361954754,0.0034387114887211487,0.007855076330634004,0.0024789784617590166,0.02156512146994462,0.0013539802040129566,0.04178920519370876,0.013134603552605104,0.007557399800487043,0.0017840680335229596,0.011956839889849746,0.006426428100664449,0.06041937545671941,0.02951477730012361,0.004243135021693551,0.0018179175386232858,0.0025655933718686736,0.0010971221947222681,0.0038518745656809885,Control
4,0.026948292145845758,0.002746400976589079,0.010744117084271755,0.0011265974199793519,0.04139145525484532,0.012890894002633872,0.0034473267101820413,0.009620589412030743,0.002073102972641385,0.03312257809694058,0.07087331253408702,0.1772155136864703,0.0436221386113894,0.02104005099874244,0.009677891369813526,0.008364039337794015,0.016202128563081824,0.001163434392839707,0.003385931755414779,0.018313091757829626,0.002073102972641385,0.002148823416854351,0.02221985737952004,0.0014305024460773224,0.0035199774066566455,0.0016740357666541485,0.001180829630023773,0.0026481690489614505,0.0029275160931525146,0.0023278920349255423,0.0012176666028841279,0.004594389115083822,0.0014765486621527745,0.0029172836006913115,0.034958287244481835,0.001717012234991238,0.0011982248672078278,0.0039446258437969076,0.003016538777565057,0.0075771606675268735,0.005704614547125236,0.0017231517304679624,0.0,0.001678128763638638,0.0012074341104229142,0.002978678555458573,0.0027423079796046,0.0,0.0018899413575857048,0.004174856924174157,0.0019226853334615805,0.006692050069632114,0.0025437976258570983,0.009835471753716185,0.002788354195680041,0.0019830570389827253,0.0012504105787600045,0.0022951480590496657,0.0040766249965465285,0.00406843900257756,0.0010672489637043238,0.0018070581686498973,0.002436356455014384,0.0011972016179617108,0.0012186898521302555,0.005761916504908018,0.0017211052319757176,0.0010948766933495926,0.0,0.006209076425462941,0.0025550533675644297,0.0011225044229948619,0.0015635248480730716,0.0015870595807338512,0.02010377793854164,0.0030666779906249877,0.014489209325075057,0.0012371083385604284,0.00163822204303991,0.0016648265234390615,0.005307593839630233,0.008878733708592938,0.007127954248479704,0.005711777291848077,0.003429931472997987,0.007902553927793389,0.00240258922989238,0.02131837479368741,0.0013875259777402324,0.04190103337941363,0.012924661227755804,0.0074308360253315595,0.0017773839405123833,0.012145968551457659,0.006420889019410007,0.060915050870836276,0.02956167072043912,0.00433346055732293,0.0018623136279404355,0.0025141233977195843,0.0011020394380724448,0.0038095569433089244,Control
5,0.027386382062273153,0.0027440431396842722,0.010930438506408967,0.0011849277194091166,0.041821712033460724,0.013109042453673525,0.0035838866460724847,0.009670673246826682,0.002228495640713287,0.03340248876397489,0.0708545199795444,0.1765667031153205,0.04343903442942612,0.02132038366712259,0.009824505968293828,0.008099084903189327,0.016227273294223802,0.0012306617717371844,0.0033261128965869926,0.0186012863741628,0.0023158061042487005,0.0020621899958839403,0.021927399270749732,0.0013470757231177303,0.0034674726946919377,0.0017212634239837689,0.0012639229007030618,0.0026816785228732606,0.0028562994499440842,0.0022575991285584207,0.0012223464894957179,0.0044569912814265734,0.0014925931623434095,0.0029186640667550855,0.0347246186403682,0.0017337363473459689,0.0012472923362201178,0.0038375027544372427,0.0030267627358941643,0.0076001679687012855,0.0059246385970455825,0.0016713717305349679,0.0,0.0019249878388997268,0.0011599818726847164,0.0031265461227917768,0.003018447453652698,0.0011308783848395824,0.0018418350164850484,0.00411190706840567,0.0017961009641569807,0.0065940188174837145,0.0025486340070097814,0.009953392843036573,0.002731570216322072,0.002041401790280263,0.0012805534651859957,0.0023158061042487005,0.00413685291513007,0.003958074346938523,0.0011100901792359045,0.0020247712257973295,0.002519530519164647,0.0,0.0013138145941518633,0.005542135613938079,0.0016297953193276234,0.0,0.0,0.006090944241874932,0.0025320034425268473,0.0012763958240652627,0.0016173223959654226,0.0013928097754458083,0.020384914414957524,0.0030600238648600315,0.013903151907733618,0.0010768290502700375,0.0016297953193276234,0.0015965341903617556,0.005143002066347639,0.00860215947879811,0.007309133090249913,0.005978687931615117,0.0035630984404688175,0.007620956174304951,0.0024821117490780456,0.02139937884841663,0.0013553910053591969,0.04209195870630846,0.013059150760224706,0.0072925025257669805,0.0018210468108813811,0.01240224346314874,0.00636950619696409,0.06089696949538708,0.02944025677591561,0.00425742450763135,0.0017087905006215687,0.0025153728780439133,0.0011225631025981156,0.003887394447886044,Control
6,0.028396514248110554,0.0029912058547869294,0.01060881009831094,0.0,0.04193670608411274,0.013420543601810697,0.0033501505573613585,0.009452210501126684,0.0021137854707160924,0.03310267812630869,0.07204817835563439,0.1760424352403934,0.04506750154545634,0.020220551578359638,0.010050451672084074,0.007856900711906992,0.0160328633816579,0.0012363650866452653,0.0036093883981095634,0.017309111213033655,0.0020539613536203574,0.002353081939099051,0.02089855823877794,0.0011964823419147654,0.004307336430893174,0.0018545476299678984,0.0,0.0029313817376911844,0.0028117335034997153,0.002233433704907572,0.0,0.004805870740024328,0.0011565995971842757,0.0030510299718826636,0.035395935948311946,0.0014756615550282142,0.0,0.004367160547988909,0.0029912058547869294,0.007876842084272237,0.0057231738688256545,0.0018944303746983877,0.0010768341077232962,0.0021736095878118374,0.0012961892037410003,0.0034897401639180825,0.0023331405667338066,0.0012363650866452653,0.0016551339063154286,0.004227570941432185,0.0022932578220033065,0.006939597583105664,0.00275190938640397,0.009950744810257837,0.003070971344247909,0.0018944303746983877,0.0,0.0024727301732905206,0.004267453686162685,0.0037689193770315318,0.0012363650866452653,0.001914371747063633,0.0023331405667338066,0.0011565995971842757,0.0,0.006301473667417788,0.0015753684168544493,0.0,0.0,0.0064211219016092665,0.00271202664167348,0.0011964823419147654,0.0016950166510459291,0.0017947235128721534,0.019482720800845538,0.0032903264402656227,0.014597084571360228,0.0012961892037410003,0.0017947235128721534,0.0018744890023331437,0.005543701517538441,0.008794145213073562,0.007597662871158795,0.006062177199034838,0.0033501505573613585,0.0065806528805312375,0.0023730233114642963,0.022453985283267208,0.0015354856721239594,0.041198875306598645,0.013061598899236228,0.007916724829002728,0.001814664885237398,0.012862185175583778,0.006700301114722717,0.06016312042594768,0.030271003250443657,0.004187688196701695,0.0019343131194288778,0.002412906056194786,0.0,0.0033900333020918483,Control
7,0.02708224979567576,0.0027862396909131447,0.010725165316888306,0.001067439383807611,0.04159793942095752,0.012798127646927717,0.003645639844465906,0.009532654729177501,0.0019862793174331896,0.03301136785793889,0.07078658642296362,0.17716769447953037,0.043906184213785046,0.02100329395447904,0.009658964261832234,0.008272036060133242,0.01631126631498135,0.0011912722589593047,0.003259281273992615,0.018342125467469148,0.002059340713772689,0.0020259058374817378,0.022010055229462356,0.0014339846942566326,0.003521806969314212,0.0017955766896995847,0.0011887956014562696,0.0026822200757857196,0.0028976892785496735,0.0022500433415063043,0.0012531886965351572,0.004606582955643068,0.0013955965029596017,0.0028914976347920876,0.03481932783515365,0.0018228199222329589,0.0012024172177229617,0.003919310498551161,0.0029843722911558545,0.00768382990316269,0.0057371771057780395,0.0016085890482205214,0.0,0.001748520197141942,0.0012197538202441958,0.0030648636600044575,0.0027255615820888095,0.0010847759863288555,0.0017943383609480674,0.004074101592490769,0.0019107412635906561,0.006547044109270132,0.0026215419669613858,0.009668870891844364,0.0027416598558585377,0.0019738960299180257,0.0012445203952745347,0.0023874978329246894,0.004027045099933127,0.004116204770042353,0.0011021125888500893,0.0017881467171904802,0.0025125690368279006,0.0011887956014562696,0.0012048938752259968,0.005843673378408498,0.0018314882234935698,0.0010971592738440198,0.0,0.006097530772469472,0.0025621021868885785,0.0011144958763652534,0.0016160190207296257,0.0015726775144265254,0.019951952844441113,0.003087153577531761,0.014407955023899788,0.0011838422864502108,0.0016692671570448562,0.0016172573494811439,0.005214602372637889,0.008810709067043117,0.007134011937489166,0.00589072987096614,0.0034289323129504446,0.007847289298362934,0.0023998811204398534,0.02135374099115831,0.0013163434628625157,0.0417589221586547,0.01311513980731606,0.00749931891918666,0.0017732867721722808,0.011759169824404966,0.006589147286821705,0.06088738638333701,0.02945488768358225,0.004174406221363653,0.0017708101146692455,0.002614111994452291,0.0011120192188622188,0.0037731877058721527,Control
8,0.027080118191741644,0.002827756238943055,0.010875804569578795,0.0011245153762186163,0.04138357737042202,0.012470828471411894,0.0035523393683893553,0.009516034930552947,0.002185512101479276,0.03290971882410505,0.07081153310497985,0.1760525275717992,0.04307976060526217,0.021005853126058623,0.009873621410019953,0.008151560206270938,0.016178435653254032,0.0011198102909624752,0.0032582715398803085,0.018646252870101975,0.0020937629389844513,0.002119640907893248,0.022290341400986225,0.001423288289983815,0.0036346783603718874,0.001776169684194678,0.0011598035156397057,0.0026960138517710002,0.0027901155568938953,0.002380773139609287,0.001195091655060795,0.004608631008393875,0.0014209357473557445,0.002933620657206313,0.03454944103587157,0.001778522226822748,0.00125155267813453,0.003818176685361535,0.0028983325177852235,0.007761038130010926,0.005728441299356349,0.0016938306922121462,0.0,0.00163266458388226,0.0011715662287800689,0.0029218579440659503,0.002839518952083419,0.0011786238566642807,0.0019126171566228843,0.004180468250084691,0.0019878985207211933,0.006594176986486996,0.002634847743441115,0.009588963752023196,0.002839518952083419,0.002096115481612532,0.001195091655060795,0.0022255053261565063,0.004036963149772273,0.003994617382466973,0.0011009899499378898,0.0019808408928369816,0.002524278239921705,0.001185681484548503,0.001185681484548503,0.005813132833966952,0.001762054428426244,0.0011151052057063236,0.0010492340121202963,0.0060366243836338295,0.002538393495690139,0.001188034027176573,0.0015291527082470725,0.0015644408476681623,0.019749595362667953,0.0030371325328415,0.014141133737343338,0.0011645086008958468,0.0017150035758647917,0.001613844242857685,0.005177946324387404,0.008963187412955933,0.00710232619415064,0.0058343057176196075,0.003505288515827913,0.0076434109986073025,0.002458407046335678,0.021022320924455204,0.001427993375239956,0.04193642488801902,0.013183648887717808,0.007485790642526442,0.001778522226822748,0.012367316595776725,0.006568299017578199,0.061057891368991625,0.02967732525313356,0.004241634358414577,0.0017949900252192527,0.002568976549855087,0.0011645086008958468,0.003907573305228289,Control
9,0.0272454677052457,0.0028294530226787087,0.01088590852691802,0.0010802974426139067,0.04143796960088228,0.01298618770248848,0.00347030743778865,0.00954926931826015,0.0020765837182050054,0.03320056696767076,0.07069001171848073,0.1768015009995177,0.043725658302888194,0.021290368442820753,0.00973129351347625,0.008284793547942372,0.016075213689942764,0.0010792203763700299,0.0033938357344730137,0.01826165816502382,0.0020475029296201856,0.002115358102984762,0.022202643551389005,0.001484197284069757,0.0035004652926173578,0.0017340766526504476,0.0011556920796856659,0.0026635848211208368,0.0028283759564348213,0.002243528986006755,0.0012224701868063655,0.004631384848693734,0.001470195422899291,0.0028951540635555207,0.03447258220169576,0.0017394619838698548,0.001227855518025783,0.0039356000551457925,0.0029942441579926924,0.007897049700144754,0.005682601502722821,0.001693148135382916,0.0,0.001730845453918795,0.0012246243192941303,0.0029113100572137627,0.0026140397739022555,0.0,0.0017933152960639652,0.004081003998069895,0.0019171779141104286,0.006511942510512158,0.0026301957675604866,0.009775453229475426,0.0027648290480457743,0.0019882642862066573,0.001280631763976006,0.0023016905631763956,0.004065925070655539,0.004175785827531538,0.001138459019783547,0.0018644016681601944,0.0024750982284414387,0.0012289325842696603,0.0012127765906114294,0.0057547649410629375,0.0017200747914799708,0.0010706038464189706,0.0010867598400772012,0.00610696560281243,0.0025440304680499045,0.0011912352657337804,0.0014960450127524585,0.001533742331288338,0.019858947404701136,0.0030039377541876294,0.014310979182463596,0.001197697663197075,0.0016457572206520998,0.0018008547597711476,0.00523669607775556,0.008891181843248079,0.00724865582132763,0.005662137244089059,0.00340783759564348,0.007663326325222305,0.0024794064934169687,0.021409922795891607,0.0013269456124629445,0.042100365340869965,0.01310681912180329,0.007439296546494794,0.0018751723305990187,0.012215008271868728,0.006561487557730751,0.06034048218101601,0.02966132729027365,0.004174708761287649,0.001813779554697726,0.0025558781967326156,0.0011600003446611959,0.0037277262700765126,Control
10,0.02717154513407536,0.0027726066463342114,0.01101120925258449,0.0012080643244741988,0.04210401235790387,0.013764011565730613,0.00396086663762031,0.009149601932902922,0.0020398463183744615,0.03184536776646724,0.07006773081950324,0.18164534400126783,0.04424288034221886,0.020952984513011485,0.009902166594050773,0.008456450271319358,0.01562561888541212,0.0010892383253455868,0.003406345308353462,0.017368400205965112,0.0018021943201172374,0.0023171069830078854,0.021824375173287874,0.0017229769873648364,0.0031488889769081484,0.0017427813205529367,0.0013664989899790112,0.002713193646769911,0.002554758981265099,0.0021982809838792744,0.0011882599912860878,0.004436170634134748,0.001643759654612425,0.0027329979799580123,0.035113082742504,0.0014457163227314122,0.0012080643244741988,0.00396086663762031,0.002990454311403336,0.0075058422782904866,0.006357190953380598,0.001861607319681549,0.0,0.001643759654612425,0.0013268903236028004,0.002554758981265099,0.002594367647641299,0.0,0.0019210203192458499,0.0042381273022537354,0.0023171069830078854,0.006773081950330733,0.002693389313581811,0.010397274923753308,0.0026141719808293997,0.001821998653305338,0.0013863033231671113,0.0021586723175030732,0.0038024319721154986,0.004297540301818036,0.0012278686576622992,0.0021784766506911736,0.0028518239790866237,0.0011090426585336872,0.0014655206559195122,0.005782865290925649,0.0019012159860577493,0.0012080643244741988,0.0,0.006040321622370972,0.002752802313146112,0.0013664989899790112,0.0013466946567909002,0.001821998653305338,0.02016081118548737,0.0029508456450271364,0.014774032558323744,0.0012476729908503991,0.0013664989899790112,0.0018021943201172374,0.004832257297896775,0.008278211272626445,0.006634451618014022,0.005624430625420836,0.0033667366419772625,0.008436645938131256,0.0025151503148888987,0.02263635283400011,0.0015447379886719236,0.03905414504693624,0.012971838238206497,0.007129559947716559,0.0019408246524339502,0.011664752247791862,0.006773081950330733,0.05913573889967123,0.02859745712361862,0.004436170634134748,0.001564542321860024,0.0030300629777795366,0.0011288469917217873,0.0031884976432843487,Control
11,0.0274703342163516,0.0028734699178544765,0.010773841014700665,0.0011087067379956996,0.041566475611316656,0.013066696206714159,0.0035152019832576696,0.009613566521449323,0.0020015928706623356,0.03298330923654897,0.07076528458716193,0.17723264506296013,0.04350981601770876,0.020928868966333915,0.009760630119770894,0.008225056963270388,0.016131157810700465,0.001167914160696589,0.0033757780523813842,0.01830273328202025,0.0019949081616477253,0.0021534312611372077,0.022183684344220536,0.0014381673965732304,0.00348464331347657,0.0017494838449682276,0.0011946529967550507,0.002629955518036297,0.0028601004998252454,0.0022288729771593008,0.0011803286202951553,0.0046296384718373254,0.0014916450686901636,0.0030243533498986834,0.03485884759436421,0.0016826367548220629,0.0012156620822295562,0.003958302695083687,0.003027218225190656,0.007668316198195894,0.005777498505490063,0.0016587627940555742,0.0,0.0017437540943842718,0.0012299864586894518,0.0030453624353731896,0.0027884786175257793,0.0,0.001912781736611001,0.004129240254171735,0.001893682567997814,0.006591123088411969,0.002567883220043435,0.009898144133785858,0.002812352578292268,0.001959574699713324,0.001301608340988918,0.002268026272816349,0.003984086572711495,0.004091041916945362,0.0010953373199664583,0.0018220606856983483,0.002459017958948249,0.001106796821134381,0.0012194819159522042,0.005717336124358508,0.0017943668912092218,0.001082922860367892,0.0,0.00620722979928684,0.0024647477095322053,0.0011278059066088862,0.0015795012443108334,0.0016014652882160032,0.01984881098125794,0.0030950202737674857,0.01442369213668129,0.0011698240775579077,0.0016224743736905087,0.0017370693853696508,0.005255136243919304,0.008735959723673236,0.007088656430785573,0.005848165429358864,0.003398697054717208,0.0078067851706415245,0.0025077208389118807,0.021434041976152764,0.0013455364287992583,0.04177561150763106,0.013101074710217918,0.007439126174837609,0.001847844563326155,0.012238747247332338,0.006410635945017316,0.06069715785271873,0.029614215893182222,0.004298267896398476,0.0018191958104063753,0.0025449642177076005,0.0011392654077767984,0.0037969147203022217,Control
12,0.027391917804074132,0.0028359073726867607,0.010782163537885516,0.001108923274164614,0.04163029092005328,0.012915397951601832,0.0035195285927377,0.009513541863954894,0.0020710360895969666,0.03312088776620604,0.07074358937002624,0.17685673204401628,0.04358477519508418,0.02111380948485222,0.009756731707809087,0.008198971878512665,0.016225357416225578,0.0012008198971878538,0.003446123363371581,0.01838100564043539,0.002059829184350228,0.0021433206284384217,0.022116827504435093,0.0014821132188809502,0.003480864769636462,0.001759484123737679,0.0012013802424501862,0.0026745279371337472,0.0029020281136424987,0.0022761224556122504,0.0012137078382216,0.0046385380816243785,0.001445690776829051,0.0029042694946918484,0.03496330298876955,0.0017712513742467603,0.001204742314024211,0.003925218562669579,0.003043795465013727,0.007827462969583336,0.005702073389539703,0.001686078894371559,0.0,0.0017449151469169256,0.001186811265629433,0.0030281057976682883,0.002790519406437472,0.0,0.0018754755930414043,0.004165046334949744,0.001886682498288143,0.006763367316405679,0.002586553730946864,0.009834619699273904,0.0027619417980582883,0.0019858636097217653,0.0012260354339930144,0.0022559500261681224,0.004086037652960248,0.004093882486632962,0.0010960353331308675,0.001863708342532333,0.002443105343788628,0.0011761647056450263,0.0012120268024345931,0.00575866826103572,0.001774613445820775,0.0,0.0,0.0061738841004273185,0.0025854330404221893,0.0011666388361853048,0.0015695270798054908,0.0015779322587405476,0.019828937798313843,0.0030477178818500844,0.014519666437672203,0.0011503888235775339,0.001635647820761239,0.0017617255047870286,0.005291900657509135,0.008838325822839003,0.007159531416877825,0.005698150972703347,0.003399614706597618,0.007720997369739343,0.0025069847036950266,0.021546956372638593,0.0013633200232655318,0.04198050670901381,0.013005613538838088,0.007585954161516164,0.0018368117699401657,0.012065914533899172,0.006489358483122965,0.060902805872866624,0.0297705834426941,0.004177373930721157,0.0018132772689220234,0.0025574157773053468,0.0011050008573282562,0.003749830495558144,Control
13,0.027527102308744077,0.002833954246917105,0.01061804168369233,0.0011108142016457317,0.041505147251783364,0.012929541786146076,0.003487021927496303,0.00966779825121656,0.0020682473700545114,0.032997293064421174,0.07050135226950004,0.17770271160890752,0.04368962868608768,0.02129360125484859,0.00979481691936591,0.008101634107148627,0.016257191233794585,0.0011479611706328007,0.0032809161640841487,0.0183434129436816,0.0019424269912273282,0.00215931735853895,0.0221276106230745,0.001475094155583494,0.0034978065313957807,0.0017411143851038288,0.0011719269570760794,0.002643426244693073,0.002934610549978853,0.0023498453607629696,0.0012186602406404595,0.004696095853559462,0.0014607146837175267,0.002866308058615517,0.03497087557802483,0.0017998305618898433,0.0012150653726739702,0.003916009504830903,0.0029873352801540565,0.0077661130969428,0.005863229653346886,0.0016835964976399708,0.0,0.0018022271405341765,0.0012246516872512821,0.003020887381174636,0.0027440825477548225,0.0,0.001808218587144988,0.0040574076448462205,0.0019040817329180817,0.0065606340388461425,0.0026182621689276385,0.009704945220203638,0.0028734977945485064,0.0019448235698716503,0.0012677901028491727,0.002392983776360872,0.0039435701592406705,0.004051416198235397,0.001094038151135442,0.00186813305325318,0.0023738111472062485,0.0012210568192847929,0.0011863064289420464,0.005790134004694893,0.00173392464917084,0.0,0.0,0.006214328424740835,0.002492441790100455,0.0011899012969085355,0.0016057076916993335,0.0016248803208539465,0.01984486946435267,0.0030867932938936395,0.014519671716657275,0.001157547485210112,0.0016752084723848258,0.001701570837472427,0.005028021995798801,0.009026713463858995,0.007298780261298967,0.005702658884176945,0.003315666554426895,0.007752931914398999,0.002418147852126307,0.021012003264140083,0.001325307990313031,0.04234394977729796,0.01329262345076164,0.00753604154708738,0.001813011744433644,0.012073963210121231,0.006503116151382283,0.060831157439639134,0.02946713272132702,0.004311444981144921,0.0017890459579903758,0.0025295887590875235,0.0011467628813106444,0.0038369224095680977,Control
14,0.027775066981316203,0.0027125215138664644,0.010623857768945527,0.0010668216256498465,0.041767951879912724,0.012926063272946677,0.003586383718660731,0.009523767277630898,0.0020804130662360936,0.033231160950336194,0.07103124611863237,0.17677744459624892,0.043426959314395185,0.021061409890168383,0.009701201227842935,0.00813091076846644,0.016048900796678395,0.0010801291719157488,0.003440000709735804,0.01799845632463317,0.002071541368725496,0.002182437587608009,0.02192861832182974,0.0014571763161163212,0.003444436558491098,0.001710019695168478,0.001157756525133522,0.0027812771695736285,0.0027812771695736285,0.0022534111676928256,0.0012065508614418274,0.004535655352295108,0.0014150357529409722,0.002863340371546696,0.03500550045245655,0.0017255451658120223,0.0012952678365478402,0.0038791497365105844,0.003096222431199983,0.007569775900920883,0.005771039230646393,0.0017033659220355216,0.0,0.0016878404513919671,0.0011998970883088812,0.0029964158342057202,0.0027457903795312156,0.0010668216256498465,0.0019717347717312225,0.0040831987792544246,0.0019517734523323742,0.00663602973793005,0.002546177185542679,0.009829840841746654,0.00269699604322291,0.0019096328891570144,0.001202115012686523,0.0023354743696658927,0.003978956333504847,0.00403440444294611,0.0010978725669369559,0.0018408772334498507,0.0024796394542131667,0.0011267055838464128,0.0012176404833300777,0.0056712326336521195,0.001783211199630936,0.0010801291719157488,0.0,0.006061587324118593,0.0024308451179048617,0.0010912187938040096,0.001517060274312887,0.0015325857449564417,0.019615323195940327,0.0030296846998704705,0.01433888110150995,0.0012619989708830893,0.001632392341950705,0.0016922763001472711,0.005400645859578776,0.009046913536436062,0.007281445731826324,0.0057488599868698925,0.003313579020209726,0.007665146649159853,0.0023997941766177528,0.0213519579836406,0.0013085753828137425,0.041858886779396365,0.013167817030110555,0.007740556077999961,0.001769903653365034,0.012214109547720862,0.006629375964797105,0.06074229493071201,0.02950283007150586,0.004285029897620613,0.0018231338384286438,0.002677034723824051,0.001140013130112315,0.0037327667275856586,Control
15,0.027109754678647884,0.002802365602304747,0.010737097731754497,0.0010909137919546804,0.04114743844093806,0.013035276194113023,0.0036297496268319043,0.009634250516369186,0.0020813879367011495,0.033085416461560935,0.07095911907468234,0.17659776109087383,0.04373102461368031,0.021061497903198043,0.00994949178532965,0.008397152287388658,0.016138960738042437,0.001159530976681096,0.0033353918488751295,0.018421227969160084,0.0020605044456974597,0.0020913324562267105,0.02199031602688602,0.0014608499183057732,0.003577043673346397,0.0017910079665545888,0.0011704699481592236,0.002675075752377488,0.0030032448967211916,0.0023449177041286614,0.0011863811794001224,0.004699779927782907,0.0014081439648202664,0.002866010527268371,0.03484857977344401,0.0017054850986347192,0.0012072646704038216,0.003831623373200915,0.0030300950994402278,0.0076622522944492745,0.0057946715275478105,0.0016776404439631265,0.0,0.0017691300235983436,0.0012510205563163127,0.0030121949642942076,0.0027814821113010574,0.0011137861868634926,0.001867580766901453,0.004144875738256266,0.0019133255567190673,0.006502721317768168,0.002645242193800783,0.009867946725220001,0.0029077775092757503,0.0019461424711534408,0.0013226210969003967,0.002391656945898832,0.004010624724661115,0.00401161917661367,0.001122736254436498,0.0018208415251312936,0.0024324294759536544,0.0011495864571555347,0.001152569813013203,0.00570914865962794,0.0017681355716457872,0.0010968805036700277,0.0,0.006098973825030157,0.0024930910450596095,0.0011346696778671817,0.0015235003913168415,0.0015851564123753532,0.019791582759783214,0.0029306499041845515,0.014539881998331283,0.0012142258340717147,0.0015911231240907009,0.001657751404911993,0.005261645280977427,0.008706426844633795,0.007333088698153004,0.005640531474901526,0.0033761643789299526,0.00780346447171232,0.002468229746245695,0.021215637955844403,0.0013186432890901615,0.041911177540501526,0.012965664557434088,0.007579712782387062,0.0018208415251312936,0.012099496906757245,0.006490787894337493,0.06054024596774592,0.02960384017565998,0.004273160040136082,0.0017691300235983436,0.002593530692267843,0.0010819637243816753,0.0036864333881276357,Control
16,0.027265702383544865,0.0027516490927355615,0.01075370036037686,0.001109230001896724,0.04161895596096971,0.012950383207704873,0.0035033122352494937,0.009604428490140576,0.0020519701301711948,0.03286524155081459,0.07057906161530308,0.17741427878975172,0.0436716285800592,0.020937682208063184,0.009698562005184373,0.008231765143904857,0.016167079964313612,0.0011443544478085862,0.003323475072180738,0.018249959606887186,0.002053375108007672,0.0022037077365104564,0.022101706345582443,0.0014148126813299496,0.0034302533877528132,0.0017428750061467787,0.0011794788937204486,0.002616771220434002,0.0028226004734775304,0.002276766584007137,0.001171751515619836,0.004615352192819162,0.0014379948156317869,0.002878799586936519,0.03477179647491059,0.0017688670961215616,0.0012462153409529947,0.0038594741167958073,0.002962395768206757,0.007813784237553656,0.005769541485483075,0.0016908908261972135,0.0,0.0017716770517945068,0.0012377854739341486,0.0029497509676784882,0.0027347893586978688,0.0010635682222112932,0.0018981250570772306,0.004235305688052769,0.0019388694143349944,0.006601990853594289,0.0026701603782200347,0.009832737388567696,0.002826815406986954,0.001992258572121027,0.0012342730293429592,0.0022606093388876786,0.004017534123399204,0.004025963990418051,0.0011443544478085862,0.0018503558106370882,0.0024172643676545974,0.0011331146251167842,0.0011914212053304844,0.005785698730602532,0.0017470899396562019,0.0010509234216830238,0.0,0.006167150213205394,0.0025401999283461312,0.0011647266264374681,0.0016023772224993188,0.0015581204206503657,0.01968233451117313,0.0030312396821940146,0.014314616686921784,0.0011696440488651247,0.0017035356267254933,0.0016648987362224412,0.005206847861974976,0.00876284676609227,0.007215966168133694,0.005749871795772425,0.0033347148948725397,0.007737212945465784,0.002534580017000231,0.02143223440650224,0.0013761757908268976,0.04201796966652859,0.013048029167339903,0.0074934492908374385,0.001808206475542847,0.012136198551467822,0.006429178579707912,0.06050677550561647,0.029681561773363,0.004297124712857659,0.0017527098510021029,0.002621688642861659,0.0011471644034815316,0.003776580424443803,Control
17,0.02720019681070978,0.0028134364311657913,0.010629145069310824,0.0011111604656486773,0.04169858576470873,0.012867183522569995,0.003509107620606352,0.009541219201344871,0.0020733461579200943,0.03290360717129022,0.07075413353743329,0.17709137005538722,0.043530018758520805,0.020872185794776957,0.009957391848073071,0.008275616998158321,0.016040756217817472,0.0011678802188152453,0.003338264990586575,0.01828562837627748,0.00206446234115906,0.0020507949307574827,0.02213778799796352,0.0014200439407244412,0.003464688536801214,0.0017753966111655934,0.0012122993026203828,0.002580407083818809,0.0028674227022520466,0.0022414553058595576,0.001180864258696749,0.004617534604174718,0.0014036430482425408,0.002879723371613477,0.034955085472567836,0.00178086357532622,0.0011883813344176154,0.003823458059842753,0.0030211810692698502,0.007848510423108865,0.005784731452469878,0.0016872418140753812,0.0,0.0017938476152077234,0.0011856478523373025,0.00301093051146867,0.0027403157855173336,0.0,0.0018970365637396797,0.004178127359763832,0.0018457837747337387,0.006634844379448316,0.002576990231218413,0.009740080022687907,0.0027820013872421573,0.002008425958512576,0.0012765361315078278,0.002376079298315148,0.0040810887459125965,0.004126874570757891,0.0010920260910864533,0.0018410001810931847,0.002430748939921486,0.0011774474060963526,0.0012068323384597562,0.005764230336867496,0.0017767633522057496,0.001061957788202976,0.0010544407124821094,0.0062050043223185365,0.002559222597696356,0.0011671968482951619,0.0016100209453064425,0.0015990870169851794,0.019841663050497664,0.002991796136906445,0.014468320651115488,0.0011521626968534178,0.0016312054314288965,0.0017077429296777618,0.005147146757236042,0.008845548011904323,0.007171973608230519,0.005758763372706871,0.003382000703871639,0.007676984422568994,0.002569473155497546,0.021443483549563137,0.0013209552153129653,0.041650066457783116,0.013092012423676016,0.007538943577513008,0.001841683551613268,0.012074473719278209,0.00649270331127186,0.06064298332234246,0.029531173654699688,0.004206145551087069,0.0017890640215671699,0.002551022151455405,0.0011466957326927915,0.0038870115182101147,Control
18,0.0272277760413197,0.0028868472696901536,0.010821834280414623,0.0011436711228165403,0.041182408370524816,0.01299132511106216,0.0035293936800897658,0.0094240140191944,0.0020280691326648205,0.03315416502272482,0.07075081599294937,0.17767074364242896,0.04345232910263831,0.021066709024856425,0.009763221135370278,0.008302888384462056,0.016089280132813376,0.0011733901752911658,0.00334493059576452,0.01824749821941884,0.002088532032526985,0.0021284990341307935,0.022193983429066262,0.001480828649166589,0.0035509143732610467,0.0017380521723090107,0.0011487950973811322,0.002773095034356245,0.0028181860105246444,0.002217656191554668,0.0011846629193332631,0.004595180389524538,0.0014798038542536644,0.00282433478000215,0.03510025056235618,0.0017595728654802914,0.0012451258191954375,0.003841956128529781,0.0030487648659312037,0.007831482724519752,0.005680438202304764,0.0016775892724468465,0.0,0.00176162245530613,0.0012000348430270375,0.002917591117077693,0.002869425756170539,0.0,0.0018876722295950504,0.004090981292368858,0.0019532591040218065,0.006759547245607474,0.0026193757974185376,0.009833931984361624,0.002792566137701686,0.0019604326684122364,0.0012369274598920932,0.0022863174507201773,0.0038788487453948256,0.004160667346447291,0.0,0.001850779612730005,0.002441061482570798,0.0012164315616337267,0.0011908116888107792,0.005733727537776498,0.0017257546333539992,0.001095505761909398,0.0,0.00609548014203657,0.00253636740947218,0.0011375223533390349,0.0016601677589272435,0.0015484651134191733,0.019960955313817804,0.003125624484400057,0.014630996971731057,0.0011436711228165403,0.0016283991166267794,0.001722680248615246,0.005224404466056225,0.008791715557923959,0.007040341051747014,0.0057286035632119064,0.00341154226510419,0.007756672695876739,0.002481028484174607,0.0214243624494648,0.0013301837969676355,0.041814706831795286,0.013222928761381609,0.007553763303118955,0.0018220853551682945,0.012182761924769784,0.0064890013885971045,0.06068937953791991,0.029973201613027217,0.0043379568663821175,0.001810812611126197,0.002573260026337224,0.0011539190719457235,0.003874749565743149,Control
19,0.02758442877389528,0.0026568838839554913,0.010785533660281978,0.001086335363203101,0.0415338552249822,0.012888245018146153,0.0034791029794044312,0.00953019532812909,0.0020681247037535166,0.03328808246087189,0.0706432410210295,0.17656408317461497,0.043329216997453894,0.021039690543772915,0.009845405516728545,0.008337741821631911,0.01601755115484054,0.001190881385855787,0.0033061697088511187,0.01851250661273241,0.002061050160867243,0.0021239349865229966,0.022168473164293684,0.0014707188600238767,0.003424864817276352,0.0017694217818886968,0.0012176074367594816,0.0026246554108069146,0.002869120170543645,0.002307087041245374,0.0012128910748352986,0.004628323168263286,0.0014345600852718277,0.0028864134975989733,0.03467862316818473,0.001772566023171488,0.0012018862303455429,0.0039538834131053555,0.0030396952601348766,0.007823658371896147,0.00575789184910472,0.001740337550022911,0.0,0.0017529145151540678,0.0011798765413660313,0.0030640631300764792,0.0028109517068120736,0.0,0.0019085544586520515,0.0041810548457867575,0.001943141112762709,0.006589543668402025,0.0025562681629062883,0.009805316440372995,0.0028345335164329864,0.0019124847602555331,0.0012734177195289618,0.0022882215935486447,0.004006549454592043,0.004068648219927097,0.0010918377854479842,0.0019022659760864775,0.0024776621308365953,0.0011562947317451287,0.0011720159381590674,0.00573824034108729,0.0017953617724717006,0.0010658977948649804,0.0,0.0062051601715812504,0.0025704172486788242,0.0011728019984797574,0.0015917721494112015,0.0015115939967001188,0.019804789779958146,0.003067207371359261,0.014498096554933393,0.0011421456459725812,0.0016640896989153098,0.0016813830259706495,0.005208435684937586,0.00891313797638203,0.007267127664842749,0.005811343950912109,0.0033918502838070743,0.007731689314374605,0.0025319002929646843,0.021253498951002446,0.0013787498025023476,0.04189072661057864,0.013207385508349186,0.007525741510352017,0.001806366616961456,0.012191795574008723,0.006514081877615125,0.060844999123542694,0.029478834146774786,0.004311540859022436,0.0018354508488272424,0.0025884966360548538,0.0011154195950688868,0.003861914355583816,Control
20,0.027555466197812004,0.002824342964137682,0.010599834369039768,0.0,0.04149459032324021,0.012903075798389816,0.0034911067389643753,0.009539850932135755,0.0020830384185867756,0.033028400033645905,0.07098606497903621,0.17635730879095562,0.043493513927156564,0.021076573887342246,0.009702609679221654,0.008215213566146724,0.016290235774509398,0.0011700849422856142,0.003360489425126535,0.018244024599822013,0.0020844061391505206,0.002152792167337876,0.022174853500031105,0.001474402767719331,0.0034213529902132746,0.0017992364016092605,0.0011666656408762452,0.002662951937615534,0.002879051786687562,0.002275203157793242,0.00118649758905058,0.004592121792780756,0.0014320034302431704,0.003005565938834164,0.035041000843199714,0.001770514269770575,0.0012220583237080027,0.003915783974007835,0.0030418105337734654,0.007832251808297549,0.005728013720972693,0.001682296293408886,0.0,0.0017698304094886973,0.0011652979203124999,0.003043178254337211,0.002710822157346676,0.0,0.0018881382382528171,0.004226256541978422,0.0019380600388295827,0.006530865691892216,0.0025849918654819513,0.009745009016697814,0.0028168205010370767,0.001954472685594548,0.0012029102358155352,0.0022663129741288817,0.003944506105846532,0.004088116765039967,0.0010969118921251451,0.0018211199306292082,0.0024755742203821816,0.0011605108983393853,0.0012288969265267294,0.005757419713093257,0.001696657359328229,0.0010811831056420575,0.0010661381794408364,0.006253218417451562,0.002514554256448973,0.0012076972577886604,0.0015735625085909941,0.0016016007801478121,0.019854515563634205,0.0030007789168610506,0.014419194043303378,0.0011338403473463133,0.0017096507046838255,0.0016850317345363764,0.005281452956909274,0.008731528078961244,0.007201732628410158,0.005773148499576345,0.0034596491659981887,0.007882857469156191,0.002519341278422087,0.021336440794454185,0.0014012297175588623,0.041870029617988795,0.013113704765206865,0.007486218505669538,0.001814965188092348,0.012137152282691438,0.0064946210969529265,0.06089912582140166,0.029772541231646063,0.004305584334675752,0.0018505259227497713,0.0025849918654819513,0.0011044343552257503,0.003808417909753689,Control
21,0.027526742500717984,0.0028872391903820124,0.010715249636693833,0.001115131304069698,0.041523993572387015,0.012982010943846716,0.003528847899355792,0.009410901393001658,0.0020458481289134037,0.03311488541809739,0.07053949879602316,0.1767459104648496,0.04344881969930832,0.021069354251570128,0.009748994604915991,0.008230456627539415,0.016310115998628427,0.001168918860510619,0.0033473148963677085,0.018474104653295936,0.0019824556516794636,0.002152462749715933,0.022283416239808007,0.0014762763258872789,0.00351155904192836,0.0018114880615637018,0.0012025360832861893,0.0026231038685739514,0.0028757132854303883,0.0023282328002282087,0.001212141004079208,0.004612282964808525,0.0014743553417286728,0.0029515921596952543,0.03498880546481571,0.00178075231502603,0.0012486397030926875,0.003812193062749911,0.0029554341280124664,0.007805919128487905,0.005716848856005912,0.0017058339328404762,0.0,0.0017769103467088288,0.0012227064169515298,0.002977525445836412,0.0028142417923550543,0.0,0.0019440359685073886,0.004168535624170977,0.001933470555635057,0.006563042377871024,0.0026307878052083643,0.009852727749480612,0.0028324911418617983,0.0020256777952480636,0.0012217459248722272,0.0023003785299284553,0.0041051431469370375,0.004071525924161467,0.0011401040981315524,0.0018258954427532355,0.0025049633428197884,0.0011304991773385337,0.0012217459248722272,0.005767754936208914,0.0017173598377921006,0.0,0.0,0.006243198515463438,0.002568355820053728,0.0012150224803171169,0.001609784724910269,0.0016088242328309657,0.01988410702571144,0.003069732685449408,0.014247939504366888,0.0011794842733829408,0.0016405204714479303,0.0017221622981886046,0.0053019162777474095,0.008795225970169037,0.007201769610606907,0.005698599506499167,0.0034174308181567593,0.007603255299755168,0.0025750792646088484,0.021551521275379786,0.0013379654664677854,0.04213198505858516,0.01294647273691254,0.007566756600741689,0.001803804124929279,0.012082990357619967,0.006598580584805199,0.06061089217227765,0.02981559512569476,0.00436351551626929,0.0018892879199871645,0.0026202223923360427,0.0011237757327834243,0.003778575839974329,Control
22,0.027530898818765654,0.002712666634747575,0.010696086947600277,0.0011210440278243252,0.041766584817001025,0.01276307599707252,0.003494456338105233,0.009548367680553747,0.0020854565227799724,0.03313406701640869,0.07079403295418014,0.17690950254098764,0.043479271971163344,0.020951690457788167,0.009741250179544872,0.008369185310834932,0.016145359534346083,0.0010676935493799718,0.0033528723760798376,0.018232184018111764,0.001991751195255906,0.0021860016552327955,0.02217806748151541,0.0014459347619405908,0.0035307073042276827,0.001786557047393009,0.0011771304282401911,0.0026230651901807726,0.0028754539920521484,0.002258503587477685,0.0011449833450749944,0.004611396482972306,0.0014609823327838732,0.0028378350649439477,0.034895316785565234,0.0017687735545782242,0.0011887580966190804,0.0038932169654521485,0.003023193778513438,0.007830892662941256,0.005732440510796631,0.0016073541582594022,0.0,0.0017420983153560424,0.001201753725983731,0.0030115661101345385,0.0028610904017017462,0.0,0.0018877861603387117,0.004119614508594214,0.0019780715853983857,0.006678385532444613,0.0025683467507506674,0.009773397262710072,0.0027762768205850767,0.0019459245022331996,0.0012345847896417983,0.0023460530905658554,0.0040471125763493244,0.00405326840078521,0.0010943687886021537,0.0018433274283017448,0.0024780613256909943,0.0011497712085251285,0.0012222731407700283,0.005680457993338029,0.0017427822958489228,0.0010752173348016077,0.0,0.006153088513915584,0.0025902341265227153,0.0011716585842971772,0.0015717871726298332,0.00154305999192903,0.019903832342701547,0.003045081154285476,0.014369062194346171,0.001157294993946775,0.0016620725976895171,0.001632661436495833,0.00525297018529032,0.008834976026483725,0.007287812151597429,0.0057810031257908515,0.003408958776495694,0.00776523053562512,0.0025320957846282177,0.02143184476378732,0.001302982838929434,0.04197793478929982,0.013093438575131828,0.007419820386722569,0.0018440114087946262,0.012206315875871246,0.00651628215563292,0.060781926499456226,0.02964918640520375,0.004253674685197974,0.0018111803451365596,0.0026203292682092697,0.001127883832753091,0.0038446543504579195,Control
23,0.027923230554932257,0.0026592495006964693,0.01092358378857526,0.0011196840002932543,0.04172155858235569,0.012734183908097024,0.0035190068580645017,0.009748359907315056,0.002097185905311169,0.033044007580082954,0.07092887118524327,0.17781426130847472,0.04359214177332182,0.021234007291275583,0.009777240645417849,0.008171027287854321,0.01621986683758137,0.0011396783574413427,0.0034301430485174224,0.01815709788570783,0.0020105436910027577,0.002186049714858249,0.022078213481972902,0.0014240425479920115,0.003334614453254306,0.0018417024528633037,0.0011507863336347266,0.002657027905457791,0.0028969601912349147,0.002283799905360043,0.0011663375003054678,0.004636469263119078,0.0015662246432673402,0.002785880429301068,0.03456802191381547,0.001670639619485171,0.0012751956670006455,0.003912229215310347,0.0029836024055433247,0.007813350454427314,0.005727272525309528,0.0016528668575757513,0.0,0.0018261512861925627,0.0011463431431573794,0.003165773215114842,0.002701459810231336,0.0,0.0018772479766821335,0.004127723953462026,0.0019127935005009737,0.006538154787426666,0.0026281471673549875,0.009586183454891628,0.002861414667416085,0.002083856333879107,0.0012374285479431375,0.0023571125482363922,0.003989985048664044,0.0040388601439149355,0.0,0.0018728047862047864,0.002492629857795695,0.0011263487860092806,0.0011530079288734054,0.005631743930046412,0.0017595034290322509,0.0011130192145772178,0.0,0.006078284573020507,0.0026414767387870496,0.0011596727145894415,0.0016995203575879748,0.0015240143337324845,0.01988772057663727,0.003210205119888387,0.014782494718157324,0.0011885534526922454,0.0017061851433040006,0.0017106283337813585,0.005182981691833636,0.00896413678806204,0.006984695430400753,0.005811693144379259,0.0034256998580400643,0.007640066025810502,0.002490408262557016,0.021236228886514264,0.0012974116193874134,0.04192816693955263,0.01294301386053273,0.007391247359078662,0.001732844286168126,0.012098807669835407,0.006584808287438878,0.06046293601583553,0.02971383631730603,0.0041721558582355715,0.0019083503100236162,0.0026636926911738283,0.0010908032621904506,0.0038833484772075448,Control
24,0.02716781668880164,0.002840937459433009,0.010736313738021329,0.0010867792390215339,0.04164544701077459,0.012918193649747493,0.003315259179373499,0.009548013008065131,0.0021069870085777347,0.033239134704039906,0.07081706493048269,0.1766091156313139,0.04361263393347514,0.020860169956961508,0.009609591617320563,0.008334747977059473,0.016271731424063567,0.0011450292748036944,0.0032620020038012267,0.018207296898768082,0.002075365560581705,0.0021585798974133605,0.022179949339111684,0.0014229651598214592,0.0034683735591437602,0.0017941011020906773,0.0012099364575323907,0.0025996158826211836,0.0027610516960746164,0.0022717513955044302,0.001168329289116563,0.004478595608280163,0.0014262937332947217,0.0028825446278488375,0.035252921655366136,0.0016825938907362443,0.0012182578912155624,0.003786252325840717,0.0030489733015121685,0.007873740551012056,0.005973125097776844,0.001672608170316446,0.0,0.0017325224928352438,0.0011883007299561584,0.003032330434145835,0.002707794520502344,0.0010851149522848973,0.001810743969457011,0.004107459666010935,0.0019072726001817368,0.006758668437467755,0.0025313801264192247,0.009706120248045288,0.002769373129757778,0.0020570584064787357,0.001274843640261097,0.002250115667928198,0.003939366705610977,0.00408748822517134,0.0011017578196512302,0.001864001145029273,0.0024781229508469525,0.0011699935758531996,0.0012132650310056634,0.005666896338236323,0.0018273868368233438,0.0,0.001081786378811635,0.006186153800065903,0.002509744398842982,0.001121729260490836,0.0015411295181224178,0.0014712294751838225,0.019560362015650985,0.0031355162118170974,0.01439774455861452,0.0012182578912155624,0.0016642867366332852,0.0016476438692669519,0.005289103249020567,0.008800748263316794,0.007178068695099335,0.005716824940335321,0.0033768377886289223,0.007935319160267478,0.0025130729723162556,0.021208005884917946,0.0013663794107759246,0.04221296878796652,0.012876586481331689,0.007509261755689363,0.0018506868511362128,0.01212266458963686,0.006340932466572799,0.06108930895486123,0.029571046736500118,0.004357102676505932,0.0017574867938847487,0.0025546801407320833,0.00108844352575817,0.0037413165839516155,Control
25,0.02761034693959328,0.0027971921228322214,0.010703171359500207,0.0011247917847268744,0.04144175601081476,0.013081547881403617,0.003489812000450296,0.009514460109483557,0.002061641261064268,0.032947145280358456,0.07065962980135355,0.17678311457611837,0.043869741669958065,0.020915975477821827,0.009835965479672663,0.008338151143776824,0.015879694026105895,0.0011152515660269027,0.003328582304420748,0.01821227749824938,0.0020511470204942943,0.0021312848575740775,0.021997836278398873,0.001435802914346006,0.0034278005789004752,0.001794515137465007,0.0011801250531867208,0.0027542611386823443,0.0028553874569020653,0.0022352732414037857,0.0011906192937566951,0.004563086604197313,0.001493044226545847,0.002903088550401935,0.03486377521718305,0.0017239175190852055,0.001269803108966466,0.0038008231300694383,0.003039513677811546,0.007778140306088381,0.0058109472101538495,0.001718193387865222,0.0010503780788670843,0.001742043934615157,0.0011476883096068066,0.0029956286717916763,0.002719916351362435,0.0,0.0019013655869047116,0.004201512315468315,0.0019328483086146235,0.00663331406209156,0.0026350084049326697,0.009721482855272977,0.0027056060233124823,0.0019080437399946965,0.0012879295244964176,0.0022963306410836155,0.003959190760488992,0.004144271003268474,0.0010990331942369454,0.0017926070937250124,0.002490951102563071,0.001169630812616747,0.0011877572281466986,0.005847200041213742,0.0017830668750250405,0.001051332100737076,0.0,0.006079981377493094,0.0025672728521628657,0.001113343522286908,0.0015913084791555716,0.001584630326065597,0.01985414913651483,0.0029822723656117048,0.01450590253330965,0.0011515043970867953,0.001706745125425256,0.0017286876284351963,0.005216591585145499,0.008841874691135426,0.007201911096609982,0.005688832410794189,0.00333812252312072,0.0077829104154383605,0.0024623304464631555,0.02134433129745062,0.001372837470926182,0.04218493904754277,0.013057697334653713,0.0074451866734593,0.0017697105688450805,0.01210462948652632,0.0064186591413421595,0.06041820502693207,0.02973018353472731,0.0043045466774280314,0.0017544462189251256,0.0025892153551728063,0.0011333779815568543,0.0038408920486093204,Control
26,0.0274674144927169,0.0027494846035192528,0.01075527476910031,0.0011253966143849607,0.0413864604940069,0.012919553133139389,0.0035653971489483524,0.009431527001429962,0.0019926553803453714,0.03308455034426586,0.07074313455312263,0.17709170786673317,0.0435802805191736,0.020975986146367687,0.00966856366333479,0.008272368488613449,0.016363266773157296,0.0012048777502758972,0.003378299961806853,0.018400938018078097,0.00204470497376067,0.0021094152790878066,0.022146398625328006,0.0014658290902364157,0.0035063138266931432,0.0017921941084080475,0.0011661922416564149,0.0026566393828325006,0.0029007097735772374,0.002226878550714239,0.0012090979875798403,0.004712598322737024,0.0015319461413315263,0.002917590722793008,0.03476912840142336,0.0017570254642085207,0.0011985473943199835,0.0039860141335747315,0.0030913238251386913,0.007712483672956926,0.005766250902954936,0.0017113062267491265,0.0,0.001707789362329181,0.0012133182248837827,0.002985817892540101,0.0027614419425470937,0.0,0.0018336931085634984,0.004142866286704632,0.001877302227370911,0.006580756702616053,0.0026193606199809917,0.009752265036529668,0.0028465500615099566,0.0019821047870855145,0.0012843588861668337,0.002376696975004239,0.003971243303010931,0.004055648049089797,0.001071236902317681,0.0018815224646748542,0.0024751691787629187,0.0011887001739441132,0.0012076912418118554,0.005825334225210145,0.0017795333964962187,0.0010571694446378681,0.0,0.006126377819558133,0.0025666076536816963,0.0011387606991807868,0.0015650046668790815,0.001600173311078619,0.01992866392210572,0.003066002401315024,0.01439100920644764,0.0011493112924406436,0.0016655869892897427,0.0017352209048048092,0.005242238104381939,0.008799194778722404,0.007108286365609006,0.005761327292767007,0.003400104521210564,0.0077687535036761795,0.0024913467550947027,0.021277733113599692,0.0013814243441575389,0.04172126598678646,0.013130564998336532,0.007521166248511486,0.00182103239665166,0.012247128656044305,0.006496351956537186,0.06058502336253031,0.029617625399076142,0.004353174779017827,0.0017732030405403047,0.0026263943488209034,0.0011394640720647732,0.0037911798447093337,Control
27,0.027587218109152135,0.00279882828714081,0.010775920157924626,0.0011169438002611198,0.041037981479864295,0.012861025669222903,0.003578317058944657,0.009552241380611537,0.0019913081072222964,0.033194577863165695,0.07062728900705205,0.17681565360079624,0.04363088673047046,0.021146463029267995,0.009745226844170169,0.00820134313570112,0.01628085745921155,0.0011816316651411067,0.003411206741338024,0.018192383866415206,0.0020872617734609437,0.0021433245896902643,0.02210168716732918,0.0014328362070917264,0.003490988441356676,0.001730400385539672,0.001175162878653107,0.0026575931154861642,0.002946532245283444,0.0023298412667608973,0.0011568346502704462,0.004624104207837801,0.001487820892239719,0.002860281758776792,0.034933603297356126,0.00180694769231433,0.0012657258894850924,0.0039880068698512445,0.0031017831209954167,0.007815372208583865,0.005843470460825568,0.0017163846814823446,0.0,0.0016969783220183452,0.0012031942867677722,0.0030683610574740896,0.002762171830375478,0.0,0.0018414478869169847,0.004159429711783221,0.0020182613842556233,0.006704897194810734,0.0025778114154675117,0.00981961788878215,0.002786968845246138,0.0018781043436823172,0.001281897855705087,0.0023115130383782262,0.003940569102272589,0.004101210633391223,0.0011395845529691138,0.0018274321828596575,0.0023859040829902175,0.001143897077294447,0.001216131859743772,0.005855329902720229,0.0018209633963716582,0.0010975374407971312,0.0,0.006091440609532181,0.002593983381687516,0.0011600690435144513,0.0016107278355116925,0.001595634000373037,0.019645704564052287,0.002984266833130104,0.014480378553385324,0.0011503658637824464,0.0016268998017316973,0.001733634778783677,0.005211685647164354,0.00883420608044367,0.007333447615227953,0.005710860337821588,0.003474816475136682,0.007882216335626517,0.0024958734532861916,0.021231635384693366,0.0012991479530064193,0.041504812238081557,0.01310791768684821,0.007519964292298586,0.0018328228382663188,0.012269131705571047,0.006476333405568108,0.06089931226018325,0.02945885366634645,0.004205789348280538,0.0019654329612702973,0.0026004521681755053,0.0011676159610837793,0.0037820838333166218,Control
28,0.027379419195219846,0.0027918503066329987,0.010683503743089387,0.0011043086626944117,0.04150539171007511,0.01298739020087263,0.003501140615496684,0.009496705953565587,0.0020906927285834717,0.032924198882446624,0.07081749629234615,0.17733012903739226,0.043492682575449984,0.021145100116820883,0.009761019705025851,0.008290157246350295,0.01608886518778763,0.0011833123334605527,0.0033849587467229486,0.018374743455911027,0.002048867255824924,0.002206874597357207,0.02215007328171373,0.001468538821300085,0.0033704360131262315,0.0017752589548627618,0.0012251378062191007,0.002635585693132313,0.002888281257715206,0.002253347344866708,0.0011891214268992378,0.0046385611107916105,0.0014104478869132126,0.002904546719343532,0.0350032734241527,0.0017258816606339222,0.0012053868885275624,0.003928108983240184,0.0030381558684333307,0.00784401887025912,0.005694654297944913,0.001666628907559319,0.0,0.0017282052980093939,0.001221071440812022,0.002996911305018649,0.0027953357626962125,0.0,0.001888536276917159,0.004179061819791461,0.0018507771695656895,0.0066095865145381245,0.002604216588563405,0.009767409707808412,0.002787203031882045,0.0019501126673672445,0.0012443078145667626,0.0023178282820361306,0.003947278991587847,0.004093087236898893,0.0010619022805919878,0.0018159226089335683,0.0024293628760589216,0.0011745986933025198,0.0012042250698398214,0.005703948847446812,0.0017735162268311551,0.0010682922833745489,0.0,0.006057722637862854,0.002589112945622821,0.0011908641549308444,0.0016009861517021547,0.0016015670610460204,0.019763116787757228,0.003031765865650771,0.014261905301320613,0.0011641423251128801,0.0016735998196857347,0.0017072925616301257,0.0052334122789131675,0.008824593842709498,0.007279374988018742,0.00575739250708274,0.0034186514886673297,0.007786508845216125,0.0024967483599476928,0.02141580387106369,0.0013204069386135663,0.04192887462175544,0.013145397542404916,0.007467008706088338,0.0018467108041586113,0.012163079841922986,0.006417886431061451,0.060853158316966235,0.029525879220814705,0.004229020023364177,0.001860071719067599,0.0026164156847846513,0.001132773220543972,0.0038218025733122133,Control
29,0.0273970637071415,0.0026987081459372837,0.010721035779150739,0.0011377007375580617,0.041515827364675115,0.012981062919975597,0.0035442965319601727,0.009481864435269962,0.0020755351293289064,0.033163464022007844,0.0711708683014026,0.17740239347636214,0.04396957111757064,0.021149959206766367,0.009835474123970442,0.008352363342667273,0.015903211390946755,0.0011448754268940178,0.0033147064732097138,0.01860704431498114,0.001995588591014007,0.0021688060906962783,0.022003747237744672,0.0014052141542271242,0.003420276902010142,0.0017813728665548776,0.0011633246280436111,0.002637210808771987,0.002915998737254676,0.002229278472242157,0.0011950982522456767,0.004620499932352928,0.0014964352043556504,0.0028944746692468196,0.03490076379692766,0.0017004013726205707,0.0012084226752981599,0.003989127270789178,0.003161988085915881,0.007841935444195269,0.005681328998454375,0.0016973265057623067,0.0,0.0018018719789433164,0.0011827987848126219,0.0030543677458766075,0.0028258026427455674,0.0,0.0018695190498251401,0.004056774341671013,0.0018807935616387778,0.006748307798272338,0.002543939847404614,0.009768852008708036,0.002869875734380698,0.0019904638129168966,0.001207397719678742,0.0021954549368012346,0.00404754974109621,0.004118271678836309,0.0011346258706997983,0.0018684940942057227,0.0025162660456802197,0.0012145724090146873,0.0012227720539700606,0.0056536551967299896,0.0018213461357123276,0.0,0.0,0.006232755121703235,0.0026146617851447013,0.0011868986072903031,0.0016276295236416266,0.0015599824527597922,0.019965110510714913,0.003132264372952651,0.014138237814302628,0.0012186722314923794,0.001603030588775506,0.0016942516389040325,0.00509710429538401,0.008670099584687996,0.007259760652363761,0.005702853066462221,0.0034049025677188225,0.007838860577337006,0.002567513826651307,0.021285253348529976,0.0013426918614423999,0.041721843444178945,0.013323398096862362,0.007429903285187758,0.0018387703812424922,0.012226695584081168,0.006477719514745013,0.06047853127959561,0.02952487157306086,0.0042248670632561635,0.0017813728665548776,0.002613636829525284,0.0011469253381328638,0.0037995104811961696,Control
30,0.02738467759458709,0.002871222587725668,0.010753431581589307,0.0011317566978732536,0.04151420680006837,0.012890871464276995,0.003463826197495034,0.009593206671089882,0.0020491303251534672,0.032936560040622384,0.07073421263314696,0.1769078640822956,0.04368185784717567,0.021201265615395586,0.009834895986446804,0.008351644010229966,0.016160068044837973,0.001164872781948599,0.0033458864594723037,0.018298088911456845,0.0020322817911502225,0.002164746127451604,0.02221159667165927,0.0014524598278660775,0.0033807454953410877,0.001783620668619551,0.0011625488462240158,0.0026580014849949237,0.00292525409332229,0.002235045183120328,0.0012305239661681462,0.004685635404695971,0.00148325197621684,0.002880518330624009,0.03486775062775317,0.0017894305079310137,0.0012136754321649015,0.003914669728064656,0.002971732807814,0.007809586002470342,0.005781371098838143,0.0016958920950164405,0.0,0.0017824587007572547,0.0012264570786501233,0.003069919092177749,0.0028125432106798787,0.0,0.0018155747848326,0.00416739773811336,0.0019265427156815711,0.0066685335616987465,0.0025708538953229665,0.009743681509256816,0.0028596029091027425,0.0019921938999011178,0.0012345908536861687,0.002276295042231717,0.003983806815871083,0.004079669164510249,0.0010701724011717287,0.0018492718528390984,0.0024128262660511315,0.0011985698499550868,0.0012067036249911428,0.0057656845326971955,0.0017493426166819096,0.0011021265173847769,0.0,0.006133447361112882,0.0025342519076607412,0.0011921790267124814,0.0016064205696198893,0.0015239208513970876,0.01988940389886698,0.003071662043971189,0.014440936592575731,0.0011712636051912045,0.0016151353285870779,0.0016982160307410232,0.0051759858425835656,0.008800744589006159,0.007206524681940347,0.00565413561791708,0.0034272242098327983,0.007760783352254039,0.0025052027111034194,0.0213116525623134,0.0013432348488105464,0.0418976561946249,0.013159286040466636,0.00746273859557592,0.001795821331173619,0.012075751008878626,0.006431492117790999,0.060824950703513375,0.029514564686169937,0.0043242633995228975,0.0017923354275867394,0.0025865404614639127,0.0011584819587059827,0.003749089307687929,Control
31,0.027319706979195953,0.0027927621693786407,0.01065033080610276,0.001108927084718879,0.04158993837104478,0.012855376399706417,0.0034804841641665296,0.00956012394760308,0.002035085645034956,0.03299144288606777,0.07061959022410084,0.17648394740601683,0.04369694909576385,0.02097157974077418,0.009855706466852894,0.008322125829478449,0.0161195926872885,0.0011542497376705117,0.003371611269576182,0.01844533447625237,0.0020562690589145238,0.0021444511771573807,0.022078536275364647,0.0014468764317278277,0.0034607786628832148,0.0018055165550842668,0.001199572390622154,0.0027159107143736897,0.0028346363596056896,0.002293227711846457,0.0012059766785392338,0.004666262703890361,0.0014665819330111532,0.002934641778618549,0.034810753292050356,0.0017764509406913665,0.0012414465808492138,0.00387853529008961,0.0030415441230805663,0.007699924626457595,0.0057446462616200875,0.001714378611648904,0.0,0.0017345767504643073,0.0011547423752025995,0.0029932656449364286,0.002734630940592839,0.0,0.0019104483494179535,0.00418889693530191,0.0019089704368217004,0.006662429983890752,0.002568119454748778,0.009751267310051295,0.002761233367325322,0.0019429624265354269,0.001267063732517531,0.0023099773879372764,0.004000709398046204,0.004049973151254508,0.0010532590435934964,0.0018340895319450797,0.0024966870125967405,0.0011488307248175976,0.0011754331515500798,0.005737256698638842,0.0017695540152422098,0.0010833099330505621,0.0010498105808689126,0.006158954426101908,0.0025296937272463026,0.001136514786515527,0.0016074762671868974,0.0015739769150052477,0.019819793190764087,0.003032184009970981,0.014524432358403628,0.0011724773263575843,0.001697136298026007,0.0017242313622905668,0.005220479927483763,0.008889644266438087,0.007190537418283748,0.0057190291099517695,0.0034051106217578312,0.00774475464187715,0.0024838784367625815,0.02151840740138625,0.0013394814497337335,0.0418337939494259,0.013187906733862421,0.007479715649616482,0.001819310405982591,0.012233175196685587,0.006568336215262893,0.06038603077014024,0.02952475257279952,0.004248506076683954,0.0017966490795067696,0.002567134179684613,0.001146860174689267,0.003790353171846753,Control
32,0.027652886491230586,0.002808503737198839,0.01076847492714013,0.0011275989868780633,0.04170112902995012,0.012685965590105394,0.0034304957333447807,0.00958745331482621,0.002039599521104321,0.033271801916536684,0.07034328806719803,0.17692810363989292,0.0437407285510544,0.02114581991805354,0.009665679302071564,0.008088757876259848,0.016057314845289,0.0012058249741234185,0.0034467133160663802,0.018358303640847347,0.0020081183311153397,0.0021760180110565767,0.022306808045829032,0.0014395489604052455,0.003499181966048012,0.0017696244675624504,0.00120010112139815,0.002709290289960843,0.002794194105385673,0.002232302562855064,0.0011476324714165078,0.004732672228343566,0.0014137916231415331,0.0029306125953379282,0.03493267318231902,0.0017658085657456047,0.0012029630477607787,0.0039542282577069345,0.0030899264961912567,0.007705259743666794,0.005836421828866349,0.0017247876212145095,0.0,0.0017906119275551008,0.0012182266550281714,0.0029573239080558466,0.0028676502153599554,0.0010665445578085238,0.0018268629948151442,0.004214663556706691,0.0019108128347857566,0.006372556034133245,0.0026463279099828807,0.00964850774389575,0.002707382339052421,0.0020100262820237627,0.0012554316977424213,0.002316252402825677,0.0039723537913369565,0.0040563036313075685,0.0010598667296290497,0.0018468964793535887,0.002524219051843802,0.0011829295632223345,0.0012125028023028928,0.005773459448888386,0.0017419591793903144,0.0010703604596253695,0.0,0.00617508311511145,0.0025661939718291033,0.0011237830850612178,0.0016131724930717505,0.0015998168367127908,0.019836965594875258,0.002965909687143755,0.014364008414063554,0.0011247370605154347,0.0016704110203244445,0.0016580093394197018,0.005165777084555621,0.008630615934252009,0.0071786652929420125,0.005812572442511059,0.0033627634760957674,0.007659468921864647,0.002492737861854821,0.021128648359877725,0.0013985280158741507,0.04181465210900128,0.01315245958721482,0.00742574493558281,0.0018612061111667648,0.012282433972973886,0.006483217186821788,0.060573625440617423,0.029516954528759992,0.004250914623966724,0.0017887039766466778,0.0025681019227375263,0.001073222385988009,0.0038044541113957204,Control
33,0.027374260894955864,0.0027942688170370235,0.010572747322707559,0.001062659832774684,0.04168067790038522,0.012962535257449647,0.0035015120165526052,0.009441876216883131,0.002052321636496145,0.03302622304607613,0.07063456827649266,0.1772475913642133,0.04321602988850453,0.021140707889411595,0.009750621979108203,0.008309808422057852,0.01606435314771094,0.001232589670898562,0.0033351722454313427,0.018421830479429545,0.002028387856478692,0.0021899408715964647,0.022409198230336325,0.0015329586101175295,0.0035433961315831345,0.0017579361422815332,0.0012074592018802342,0.0027164840319803206,0.0029055608941181495,0.00237542766673169,0.0011464280628357426,0.004598875830352577,0.0014743208490747778,0.002906757583119026,0.03482125654738473,0.0017818699222989865,0.0012278029148950717,0.003837781625797747,0.0029594118991574125,0.007671973184592869,0.005926003932320056,0.0017687063432893896,0.0,0.0017974268793103224,0.0011990823788741284,0.0030467701962210965,0.002760761525012601,0.0,0.0018584580183548137,0.004123790297006241,0.0019254726024036711,0.006651197466848725,0.002600405198895693,0.009616592811010499,0.002715287342979446,0.0019781269184420574,0.0012445565609072833,0.002345510441709881,0.003977794238899816,0.004077119425972222,0.0011284777278226558,0.0019039322003879691,0.002565701217870394,0.001139247928830512,0.0011619850198470896,0.005775221118210137,0.0017100685822466382,0.001086593612792126,0.0,0.0060061820953785094,0.0025154402798337593,0.0011452313738348778,0.0015820228591532997,0.0015784327921506743,0.019698697643360366,0.0030252297942053945,0.014475150154552434,0.0011548048858418484,0.0016227102851829542,0.0016550208882065123,0.005218760732804474,0.008966790683536795,0.007155003536216002,0.005866169482276439,0.003301664953406919,0.007748561280648705,0.0024663760307979898,0.021511681479681976,0.0013570453269892851,0.04176085606344371,0.013133661784574433,0.0075523042845056345,0.0018381143053399873,0.012238538411921898,0.006384335819654181,0.06053570979813051,0.029809523011731145,0.004272179733114417,0.0018548679513521985,0.0025477508828573073,0.001133264483826146,0.0038880425638343815,Control
34,0.02716655962988134,0.002743467118923065,0.010562348407853844,0.0010849165424832166,0.04123306376690508,0.013293345221690848,0.003560272102056974,0.009159439085677231,0.0018268996951010378,0.03342041763051736,0.07062557285463994,0.176454816967097,0.04342160230950047,0.020831644646186257,0.009514842780628634,0.007931114034704864,0.015562940747345396,0.0012283250509723769,0.0035540369495139696,0.018362524239155558,0.0020638354917353005,0.0019266621357891555,0.02199138301918555,0.0016460802713538386,0.0035353314918849564,0.0018206645425580333,0.0012719711187734206,0.0025938234578909,0.0031113411189604787,0.002119951864622364,0.001234560203515382,0.0045516613563950864,0.0015151420679506984,0.002656174983320967,0.034736034817091775,0.0016149045086388046,0.0011098571526552354,0.003647564237659072,0.0031362817291325073,0.007606886102468504,0.0056303427463352896,0.001459025695063635,0.0011597383729992938,0.0017770184747569898,0.0012719711187734206,0.002855699864697191,0.002762172576552089,0.0011347977628272644,0.001845605152730063,0.003990497627524455,0.0020513651866492922,0.006540675017614311,0.0026374695256919426,0.009708132509461842,0.0027995834918101282,0.0019266621357891555,0.0013031468814884545,0.0024504149494017392,0.003734856373261168,0.004258609186873763,0.001097386847569226,0.0017770184747569898,0.002525236779917816,0.0012407953560583866,0.0013031468814884545,0.005387171797158024,0.001814429390015029,0.0,0.0010537407797681826,0.006172801017576898,0.002687350746036001,0.0,0.0016149045086388046,0.0016086693560957998,0.01987143115456322,0.0027808780341811038,0.014209912645512853,0.0013156171865744744,0.0017957239323860038,0.001658550576439848,0.005443288170045086,0.009084617255161154,0.007089368441398925,0.005998216746372703,0.003279690237621668,0.007631826712640523,0.002350652508713621,0.021031169527562517,0.0012844414238594405,0.042448918512791416,0.013318285831862864,0.007669237627898571,0.0018518403052730672,0.012252074747008642,0.007027016915968846,0.06131649010793048,0.03019060861323977,0.004470604373335997,0.0016523154238968435,0.00272476166129404,0.0011659735255422985,0.004077789763126553,Control
35,0.02759361224588655,0.0028192666031551248,0.010624727519336049,0.0010527845505481953,0.04120230579192971,0.012904684245369804,0.0035313494049829647,0.009555795966478826,0.0020555133939384198,0.0329592611131743,0.07031212155463343,0.1770777155221131,0.043096349162777985,0.02089099158741179,0.00982545090503948,0.008223668275984563,0.016327848734882383,0.0011319048618623944,0.003323053075196586,0.018355912224895504,0.0019731636821624047,0.0021314043047908123,0.022279633785987685,0.0014080186013466587,0.003599166814680851,0.0018213818604576094,0.0011206019602460814,0.0025302352618236435,0.0028677076100821915,0.002363921138040719,0.00114966656440232,0.004546995850220404,0.0015598004230514642,0.0028822399121603104,0.034510988035071306,0.0017826290549159511,0.001169042967173149,0.004007685973099092,0.0029419838207036908,0.0076181556893962655,0.005703121215546339,0.0016696000387528044,0.0,0.0017761702539923487,0.0012126398734075064,0.0029888101273998447,0.002651337779141307,0.0010786197542426274,0.001764867352376036,0.004075503382796988,0.002000613586087739,0.00676882336794174,0.0025302352618236435,0.009896497715199171,0.002846716507080459,0.0020474398927839035,0.0012723837819508762,0.002309021330190049,0.004086806284413301,0.0040981091860296135,0.0010560139510099914,0.0019134197736190247,0.0025076294585910184,0.001183575269251268,0.0011512812646332232,0.005732185819702577,0.001803620157917684,0.001104454957937059,0.0,0.00617138428250795,0.0025302352618236435,0.0011399783630169106,0.001609856130209424,0.0015937091279004017,0.01986242754032709,0.002979121926014435,0.014354685052719937,0.0012013369717911832,0.001664755938060105,0.0017148116452180653,0.005233243448353814,0.008861474867190902,0.007135360320356526,0.005848444236327531,0.0032729973680386253,0.007774781611793771,0.0024785648544347802,0.021389933958760602,0.0013983303999612494,0.04163827485427328,0.01303386026384207,0.00753096187692755,0.0018407582632284285,0.012384750771019384,0.0064894802279956785,0.06095331901632468,0.0298509631686877,0.004396828728746514,0.0017826290549159511,0.0025221617606691372,0.001169042967173149,0.003833298348161661,Control
36,0.027548356069323515,0.0027828895935630635,0.010726395123108171,0.001085376351642174,0.04164452359828885,0.012886716794181467,0.0035251398856319667,0.009688781918958566,0.0020807164252523193,0.03285171244608802,0.07063730312799213,0.17708104582626955,0.043718103001502036,0.021020725912001572,0.009851835422467788,0.008206477341602037,0.016017124460880376,0.0011391785177832586,0.0034016145041855924,0.018462927013518586,0.0020181302319861533,0.0021339695896980954,0.02206218212801841,0.001454305490895358,0.003435103607599939,0.0017447273877181715,0.0011638835940725337,0.002673089254499615,0.002848769797001137,0.002298121096597948,0.0012138427483464026,0.004726904596681392,0.0014713245434501902,0.0029217870224783216,0.034868744674683566,0.0017809614996091147,0.0012385478246356775,0.0038935200231898317,0.0030540964310497767,0.0078035100972391755,0.005792516887292146,0.0016832391978426444,0.0,0.0017485703995853974,0.0011902356754477672,0.003010725297119721,0.002753243502015934,0.0,0.0018611157471254225,0.004149354813207661,0.0018973498590163658,0.0066094314099241925,0.002631365125655508,0.009766740159693615,0.002768615549484818,0.0019725630912748294,0.0012204307686902165,0.0023036111135511217,0.0039967323419094775,0.004021986419894061,0.0010870233567281222,0.0018545277267816196,0.002460076596716533,0.0011836476551039634,0.0012127447449557741,0.005778242843213901,0.0017809614996091147,0.001071651309259248,0.0,0.006138936957037322,0.0025918370035926683,0.0011408255228692176,0.0015805758808183192,0.001576183867255783,0.019727277917834192,0.0030217053310260603,0.014443685602101183,0.0011452175364317526,0.0016733571673269345,0.0016722591639362953,0.005250103212318719,0.008806536194583775,0.007148002073030403,0.0057716548228700995,0.0034905527788269817,0.007759040959918481,0.002443606545857009,0.02153514050051385,0.0013609752026914224,0.04182569415774358,0.01309478843670665,0.007589948437760774,0.0018578217369535264,0.012062116247815008,0.006499631070860745,0.060400617517106944,0.029775655947225553,0.0042772722082165815,0.0018347636657501999,0.002589640996811401,0.0011271004804862812,0.0038183067909313673,Control
37,0.027305891935758258,0.002774101559971037,0.01066655223968242,0.0010878091598800976,0.04142407393187681,0.012955091925520098,0.0034606634657223406,0.009563686897658607,0.0021071126910064872,0.032789353472482574,0.07090859542382405,0.1774634548818915,0.04382478217468487,0.02098154262631011,0.009922024032677931,0.008340372098485494,0.01615227220372819,0.0011231911879177174,0.003322899399107771,0.018377575924562455,0.002030326162073775,0.0022094947295834364,0.02215517202440909,0.0014717418045436575,0.0034772252660803787,0.0017352249920578613,0.001221056371851562,0.002683011658001838,0.0028727195530120647,0.002234337430120489,0.0011698653525630874,0.004647090618643468,0.001464213713471817,0.002846371234260644,0.03487463469938076,0.0017796407293816897,0.0012240676082802989,0.0038641691471726744,0.0030104836196266347,0.007790068641134393,0.0056716638135201536,0.0016335957625880958,0.0,0.0017736182565242173,0.001223314799173115,0.0030579105933791996,0.002769584705327932,0.0,0.0018519104036712974,0.004147225371473655,0.0019000901865310357,0.006637517898036527,0.002536966691208244,0.009785012775170548,0.002844112806939092,0.002016775598144472,0.001251168736138904,0.0023126295772675693,0.003966551185749625,0.004090011879327707,0.0010975956782734802,0.001868472204029336,0.0024774947717407553,0.0011668541161343516,0.0011886855802426784,0.005707045841557774,0.0017420002740225178,0.0010983484873806641,0.0,0.006021720048360452,0.0025301914092435976,0.0011420114155972982,0.0016012249709792124,0.0015884272161570936,0.02014441889912208,0.0030443600294498964,0.014487058458638418,0.00117588782542056,0.001636606999016832,0.0017231800463429266,0.005167281711707238,0.00880560812672487,0.007113293253776469,0.005707045841557774,0.003403449973576403,0.0077087652575585745,0.002463944207811452,0.02143398089972736,0.0013249440286428795,0.04166045599153236,0.013171900948388921,0.0074189337512929505,0.0018255620849198764,0.012265518783340078,0.00652610215017337,0.06042798703361595,0.029778117043748716,0.00420970852736988,0.0018654609676006001,0.002610741983712219,0.0011533035522050485,0.0037346859807371206,Control
38,0.027261274292513377,0.0027996173856239606,0.010451904906329464,0.0,0.04136434687259406,0.012574948090427644,0.004141100716235447,0.009530364183561579,0.0018547465179758749,0.03238224109371718,0.07087698014604663,0.17870890978233017,0.04316076802836939,0.021032125609499994,0.009740335487483367,0.008270536360030794,0.015887828663416016,0.0011898373888901811,0.0032078949210274607,0.018862422135641415,0.0020063924596971693,0.002064717821897674,0.02271189604087443,0.0014814641998926823,0.0032312250659076573,0.00209971303921797,0.0,0.0026946317336630607,0.0029512633273452655,0.0022280288360590674,0.0,0.004187761005995842,0.0015864498518535818,0.002752957095863565,0.036744978186314524,0.0017264307211347777,0.0011665072440099834,0.0038844691225532516,0.0031262394139467574,0.007652287520705496,0.006054172596411825,0.0019947273872570706,0.0010615215920490838,0.002053052749457575,0.0013648134754916837,0.002636306371462567,0.002974593472225463,0.0,0.002123043184098167,0.004549378251638936,0.0020063924596971693,0.0070107085365000085,0.002554650864381865,0.009670345052842774,0.00290460303758486,0.00209971303921797,0.0012831579684109814,0.0022980192706996707,0.0039077992674334495,0.003767818398152253,0.0012481627510906857,0.0017847560833352714,0.0027762872407437627,0.0011898373888901811,0.0012364976786505865,0.005669225205888523,0.001563119706973384,0.0,0.0,0.0065091104215757095,0.002344679560460066,0.0012015024613302799,0.001318153185731278,0.0018897417352961713,0.02011058488673209,0.0027296269509833673,0.014406364463523258,0.0010848517369292814,0.0020063924596971693,0.0016214450691738784,0.005319273032685529,0.008900450271796182,0.006614096073536609,0.005669225205888523,0.0033595408627487547,0.007780603317546594,0.0025079905746214696,0.02170869981102583,0.0,0.04055945687422715,0.012971560553391001,0.0073023353475025,0.002053052749457575,0.012679933742388535,0.006590765928656413,0.062046520308891094,0.02986258544665562,0.004316076802836939,0.001691435503814481,0.002286354198259572,0.001213167533770389,0.003966124629633943,Control
39,0.027419857402078474,0.0029659301273517085,0.010610698343244759,0.0011130569241971542,0.041234760034591415,0.012776827087939877,0.003577444934507935,0.009695925511831223,0.002054489801699246,0.03314843480535667,0.07063245960586456,0.1770926886489855,0.04334090367558721,0.021424679537914743,0.009759243121291549,0.00821296044815537,0.016254296849615678,0.0011747082807769395,0.003434147186781953,0.018392099295341625,0.0020628210661019146,0.0022444426300801935,0.022201153380243872,0.0014429749945430196,0.003430814681020877,0.0018628707204377606,0.001193037062462824,0.002682667137660819,0.002927606311099412,0.002351082814434417,0.0011847057980601454,0.004670506824138677,0.0014313112243792756,0.0029392700812631554,0.035044630583405165,0.0017778918235304875,0.0011580457519715925,0.003912361763495403,0.0031925405191044263,0.007546459295941509,0.005741907426322459,0.0016529228574903895,0.0,0.00176122929472514,0.0012780159593700868,0.003119225392360897,0.0028376286555505358,0.0,0.0018445419387518754,0.0041722972128588045,0.0018978620309289815,0.006813308028506251,0.002526039366890555,0.009774239397216356,0.002704328425107769,0.0019111920539732637,0.0012146983499097745,0.0022344451127969873,0.003980678131597319,0.004027333212252296,0.001089729383869677,0.0018245469041854637,0.002497713067921464,0.001106391912675024,0.001276349706489559,0.0057269111503976495,0.0018212143984243875,0.001083064372347536,0.0,0.006203459474230562,0.002467720516071846,0.0011630445106131954,0.0014879638223174573,0.0015629452019415135,0.019740097875694168,0.003132555415405179,0.014323109761076043,0.0011630445106131954,0.0016645866276541338,0.0017129079611896368,0.005318679194666664,0.008711170059435242,0.00710990104124142,0.0055669508738663215,0.0034358134396624803,0.007774735940574755,0.002524373114010017,0.021611299860534585,0.0014379762359014163,0.04201956514132323,0.01315173398606016,0.007454815387512107,0.0017395680072781901,0.012181974809588995,0.0066700102807802685,0.0600184287568587,0.02961097993998155,0.004207288523350036,0.0018328781685881315,0.002472719274713449,0.0011313857058830392,0.0039056967519732616,Control
40,0.027574296331512527,0.002773276929893504,0.010483471916326271,0.0010866717766113267,0.04168970992978679,0.012823373792452167,0.0035333003450829675,0.009576295031387348,0.0019404853153773785,0.03313055261787638,0.07075009459865911,0.17725686527533882,0.04385658519862485,0.02120141914159393,0.009959540881174383,0.008203401670757862,0.01609632569105535,0.0010818205633228901,0.003376444448756633,0.018316564306066287,0.0020666168608769043,0.0020747022163576496,0.02212476673749435,0.0014941736928405754,0.003502575994256158,0.001783629419051033,0.001196632611149384,0.0026439112422016707,0.0029026426175853288,0.0021814289087033977,0.0012176545353992994,0.004598950197444378,0.0014828541951675427,0.002981879101296565,0.03494814052994653,0.0018386098363200665,0.0012305911041684808,0.003926248621446888,0.003012603452123375,0.007871902096047552,0.005768092599959252,0.0016607320157438045,0.0,0.0017415855705511902,0.0011723765447071595,0.0030869887225461754,0.0027263818681052153,0.0,0.001859631760569982,0.0042545140539648986,0.0018483122628969496,0.006589564716802334,0.002545269905336656,0.00966199979948318,0.002889706048816147,0.0019194633911274524,0.001287188592533664,0.00223802639706857,0.003895524270620078,0.00417851171244595,0.0,0.0017755440635702979,0.0024725017060100046,0.0011772277579956063,0.001196632611149384,0.005897458287651074,0.0017626074948011168,0.0010591815679768146,0.001080203492226741,0.006044611757400525,0.002669784379740044,0.001151354620457244,0.001570176034359525,0.0014974078350328732,0.020035510881271364,0.003010986381027226,0.014139669664716447,0.0011788448290917556,0.0016154540250516646,0.0016930734376667629,0.0052813542000187536,0.00878878140756336,0.007370610056241735,0.005918480211900991,0.003444361434794837,0.00778458025685557,0.0025016089857406647,0.021209504497074726,0.001347020223091123,0.04217321418753493,0.012685922749279554,0.0073140125678765626,0.001843461049608503,0.012076286946031882,0.006476369740071989,0.06050594920456271,0.02946626951400547,0.004375794386175978,0.0018272903386470235,0.0025759942561634653,0.0010882888477074758,0.0038017341470435095,Control
41,0.027423534661693887,0.002784930873123422,0.010701667478639655,0.0011176569325434726,0.04135740048554618,0.01284793724745252,0.0035249180180217023,0.009545117722436243,0.0020080978952841427,0.033262575687481824,0.07071943535808012,0.17720184556683236,0.04316182280429536,0.020970396420222658,0.010020019569231276,0.008408014378062805,0.016111863948808904,0.0011084454743082175,0.0033703702187414288,0.01834103684173892,0.0020265208117546426,0.0020633666446956307,0.02194783448851838,0.0014912327387507616,0.0034532733428586605,0.0017829289162002969,0.0011289153814976636,0.0026846283278951577,0.002932314204887397,0.0022639717351521475,0.0011678082051575995,0.004701937681414557,0.0014605278779666027,0.0028688574926001324,0.035049598585119995,0.0017747409533245204,0.0012701577411047991,0.0038483425516148743,0.0031400837628602213,0.007784705704144332,0.005777631304219668,0.0017194722039130222,0.0,0.0017143547271156708,0.0011923720937849285,0.0030459221897887875,0.0027552495076987307,0.0,0.0018627615542391146,0.004212706899586918,0.0018463856284875613,0.006611780022189382,0.0026436885135162768,0.009750840289690123,0.002866810501881186,0.001978416529859452,0.0012793691993400536,0.002248619304760073,0.004090910951809742,0.004122639307953378,0.0011094689696676968,0.0018504796099254445,0.002560785389399044,0.0011893016077065134,0.0012527583199937779,0.005712127601213457,0.001798281346592371,0.001116633437183994,0.0,0.006232063243825253,0.0025485034450853845,0.0011606437376412908,0.0015833473211032487,0.0015321725531296435,0.019851715992319642,0.002977348000704161,0.014533634104502943,0.0011442678118897382,0.0016549919962662893,0.0017542710461350744,0.005221873324026351,0.008896221664530976,0.007142974113755369,0.005805265678925411,0.0033744642001793113,0.007649604316694027,0.0025280335378959377,0.02135216018930569,0.0012967686204510749,0.04140345777672246,0.013287016756665996,0.007434670291204905,0.001893466415023273,0.0121059031118353,0.006516594953758479,0.06057761984107165,0.029706952808675982,0.004270022639717355,0.0018187512537818176,0.0026887223093330515,0.0011381268397329086,0.0037797683625302478,Control
42,0.02743609042767663,0.002772774925405233,0.010966103061745681,0.0011048090105104681,0.04126501975753336,0.012995618397354913,0.0034864654175962993,0.009635493669525005,0.0020348915351737864,0.03309185236955997,0.07051826563802047,0.1767318082847237,0.04341281148356222,0.021211795381844614,0.009702696164081603,0.008327733125453613,0.016143383242385977,0.0011437864573532934,0.0033641568775032915,0.018309991666890662,0.0020375796349560516,0.0021383833767909446,0.022257466197145196,0.001360178489825545,0.0034663046692293233,0.001729792209886832,0.00120023655278084,0.0026383699362920363,0.0028507298190908843,0.002239187118625837,0.001282223596139884,0.004659820972554495,0.001450229832531386,0.0028534179188731503,0.034953361468777686,0.0017781780059675815,0.0012419020994059316,0.003837262439181737,0.002994543157442005,0.00782774656595252,0.005815703878927989,0.0016451170667455123,0.0010725518131233015,0.0017701137066207847,0.0012056127523453713,0.0031128195478616187,0.0028372893201795667,0.0,0.0018601650493266257,0.004064406870783042,0.001848068600306446,0.006693368457837151,0.002572511491626564,0.009780651057767256,0.0028184726217037174,0.002005322437568885,0.0012217413510389543,0.0023520873094809306,0.003999892476008708,0.004072471170129827,0.0011558829063734836,0.0018695733985645503,0.0024609553506626204,0.0012177092013655512,0.0012445901991881966,0.0056960834386172365,0.0017136636111932486,0.001118249509421786,0.0,0.006251176043654735,0.002495900647832042,0.001223085400930082,0.0016316765678341945,0.0015631300233864686,0.01987312169027709,0.0030362087040670953,0.014328915889357781,0.0011948603532163087,0.0017593613074917327,0.0017042552619553242,0.005220289777156525,0.00874438859170452,0.007186634767882584,0.005435337759737638,0.003381629526088003,0.00763420338162952,0.002516061396199028,0.02123598827988489,0.001360178489825545,0.04165613827585275,0.013048036343109087,0.007475605494475956,0.0018184995027015344,0.012120641918228023,0.006361388134727551,0.060876051719039787,0.02959597860272573,0.004231069057283405,0.0018346281013951178,0.0026383699362920363,0.0011384102577887728,0.003751243246149291,Control
43,0.02769831903075884,0.00274216025551266,0.010860288185206634,0.001173544571356173,0.04156081427990367,0.013020677055203225,0.003498963146699737,0.009620064945023439,0.002033699399225196,0.03309762423902974,0.07082941596153976,0.176663466090563,0.044189620798410344,0.021152140718662737,0.00978009375020837,0.008373173837957498,0.01624625765971211,0.0012785634747587871,0.0033272655744700673,0.01869669873910636,0.002155387969834573,0.002092043234448865,0.02177558627219568,0.0014052529455301928,0.003450621111800124,0.001748648089989534,0.0011452061371046835,0.002593800217372462,0.0028638488261220375,0.0022470711394717716,0.0011535409707080604,0.004692511318704034,0.0014319244130610138,0.0027738326232055084,0.034524547751928675,0.001852000026671468,0.0012168857060937685,0.0038673627919692203,0.0030872223666926703,0.007671380848552742,0.005631013582444839,0.0016419622198662407,0.0,0.0017136417888553262,0.0011968821054456453,0.0029722016629659996,0.0028771845598874438,0.0010768605015569468,0.001811992825375232,0.004117407800070684,0.0018736705940402606,0.006626192714688644,0.002573796616724348,0.009596727410933962,0.0027721656564848283,0.0020420342328285723,0.0012818974082001464,0.0022087309048962143,0.0038890333593380125,0.004039060364198891,0.0,0.002005360964973695,0.002495449180852555,0.0011768785047975322,0.0012768965080381177,0.0056876904509478386,0.0017953231581684676,0.0,0.001093530168763711,0.006166109899781963,0.0026288065185066695,0.001191881205283617,0.0016319604195421844,0.0015436111833463351,0.019826902175724994,0.002952198062317887,0.01447760596907438,0.0012735625745967586,0.001718642689017354,0.0016953051549278824,0.0053326265394437605,0.008833256652864179,0.0071379514979362955,0.005559334013455754,0.0033272655744700673,0.007731391650497092,0.0024454401792322633,0.021178812186193566,0.0012518920072279662,0.04187420402339088,0.013190707660712246,0.0073963313396411354,0.0019353483627052891,0.012160522227334283,0.006381148606749218,0.060594240296586714,0.02978036046488368,0.0043957912424236354,0.0017969901248891472,0.0025971341508138103,0.0011835463716802401,0.003744007254639172,Control
44,0.02739049804544177,0.00271336704334716,0.01088515469694344,0.00109735434205435,0.0415610449214841,0.012599562392432612,0.003670633597054151,0.009439248595786692,0.001981241578055585,0.032882272891011734,0.07070097260950191,0.17691419956506113,0.04383080063506459,0.02106987045214998,0.009846170266700469,0.008395261030245623,0.01608507998345626,0.0012124264539111126,0.0032803890438007797,0.018406534761784055,0.002128000213467107,0.002122997078168989,0.02228396461782713,0.0015276239776926864,0.003355436073272589,0.0017244139660854102,0.001122370018544957,0.002743385855135886,0.0028484516963964107,0.002263084866516347,0.0012407775539337955,0.004682934639040464,0.0014759249129454402,0.0029301695729323715,0.03533047376355847,0.001817805824983653,0.0012291035715715135,0.0038724267207449936,0.0030485771083212103,0.007773204541512682,0.005665216869238051,0.0016610409189758931,0.0,0.0017777807425986996,0.0012991474657452038,0.0029818686376796065,0.0029001507611436453,0.0,0.0019228716662441773,0.004145931450375571,0.0019195362427121012,0.006530759275812844,0.0026316491668111988,0.009791135778421143,0.002638320013875361,0.0019045268368177441,0.0012808026363187598,0.002223059784131393,0.003987498832601768,0.004052539591477328,0.0010673355302656348,0.0018828465838592132,0.002514909343188393,0.0011924139127186366,0.0011940816244846789,0.005903699651781783,0.001791122436727014,0.0,0.0,0.00613384387549531,0.0025082384961242405,0.0011857430656544738,0.0015893293130361706,0.0016210158365909293,0.020029218310141064,0.0031219564260269762,0.01456579456459385,0.001170733659760116,0.0016877243072325324,0.0017861193014288945,0.005298320280709242,0.008792176430563145,0.007082771870372094,0.005676890851600332,0.0033804517497631843,0.007803223353301396,0.002454871719610952,0.02139840967005989,0.0013608528010886774,0.04217809827491894,0.01305317999279545,0.007546395741331232,0.0017577682014062119,0.012082571744960151,0.006554107240537406,0.060462890077782064,0.029695275706109137,0.004299360932851255,0.0018628340426667363,0.0026333168785772423,0.0011657305244619966,0.0037173295265032773,Control
45,0.027357120247079383,0.0028099167033992143,0.010646522438410152,0.0011024695119846743,0.041598994958026284,0.012942676515920213,0.003520408012330304,0.009545532089455827,0.0020639254817387404,0.03303907850115423,0.07066306934217671,0.17682851668545246,0.043734906373910705,0.021117024476203686,0.00987489239088954,0.008246826948772632,0.016141120041968764,0.0011926984568385128,0.00340355413292942,0.018425440815235793,0.0020585018839606394,0.002130487818106334,0.02211496646737411,0.0014273923243271972,0.003464199817175444,0.0018272593968762035,0.0011660735222914778,0.0026733406502597906,0.0028858470722926137,0.002257695838719951,0.0012212956087594008,0.0046140025461326286,0.001465357508773902,0.0029376177783562883,0.034918601658437576,0.0017710512017213534,0.0012341150216894552,0.003946900019426334,0.0030534855490702466,0.007749828170561292,0.005750985862159753,0.0016827944742413576,0.0,0.0017434401584873922,0.0012237608804767223,0.0030076314951281297,0.0028030139425907186,0.0,0.0018524051683928436,0.004141656485094474,0.0019100925265780882,0.006605449039382218,0.002612201911670298,0.009724510816133122,0.0028385138553201025,0.0019953909279973045,0.0012464413802760518,0.0022996054579143615,0.004014448464480855,0.0041436287024683265,0.0010837334469330508,0.0018647315269794394,0.002517042423381817,0.001160649924513377,0.0011951637285558343,0.005735208123168918,0.0017626692778824628,0.001054643240668694,0.0,0.006176984814912324,0.0025451465209592474,0.0010975389685500315,0.0015851697142355656,0.0016048918879741048,0.019895728867444288,0.003066304962000301,0.014360700807721581,0.001189247076434265,0.0016468015071685158,0.001711884680505714,0.005193341399702387,0.008914422529822387,0.007212891990529405,0.00567801381932713,0.003354248698583055,0.007662557551768236,0.0024366745653972436,0.02130438512671992,0.0013529411184641923,0.04185636932531431,0.01318723147027816,0.007507738487920654,0.0018149330382896168,0.012197671402946645,0.006474296584020895,0.060611663496327184,0.02958079533610037,0.004293517222881272,0.0017789400712167652,0.0025569798252023756,0.0011552263267352763,0.003852233585481322,Control
46,0.027458457187569358,0.002795746671293916,0.010567577529698087,0.001117652003905857,0.04159777892261365,0.012880481290915041,0.003424089119005686,0.009648236006716687,0.0020553156908856983,0.03285379559793847,0.07097251890955104,0.17690696005121556,0.04372638326949314,0.021362565447847558,0.009753857893296034,0.00835059568588483,0.016246370594866773,0.001173696270254075,0.003340022719483365,0.01831893067539806,0.0019734048400690675,0.0021587820287593306,0.022237718222362073,0.0014258954688210616,0.0035092332928808746,0.00185916075866692,0.0011693851728426727,0.0026965914308316762,0.002901368557873249,0.0022460817513402084,0.0011618407523727242,0.004652751881255134,0.0014657731198765265,0.002945557306340116,0.03485737811988735,0.0017276722876191735,0.0011995628547224885,0.00389938760861271,0.0030328570289209944,0.00783757509392804,0.005826448151509209,0.0016759391186823578,0.0,0.0017977276205544542,0.0012103405982509831,0.0030964457157391717,0.0027300024357700377,0.0,0.0018505385638441156,0.004114942479182789,0.0018861051174881786,0.0064903571528650535,0.0025263030830813093,0.009528603053550308,0.002809757737880968,0.0019971158758317685,0.0011823184650768795,0.002332303699568243,0.00399854284907495,0.003995309526016393,0.0011036409373187948,0.0019055050558394878,0.002444392232264689,0.0011392074909628573,0.0012459071518950465,0.005798426018335095,0.0017470722259704835,0.0011057964860244956,0.0,0.00607541402701765,0.002512292016494258,0.0011133409064944548,0.001509961868343394,0.0015660061346916118,0.019929125558556585,0.0029703461164556732,0.01449822059454347,0.0011639963010784253,0.0016285170471569438,0.001620972626686985,0.0052509166470871,0.008907805026308472,0.007185521610453556,0.005603348860469181,0.0033173894580734976,0.007907630426863311,0.0024476255553232355,0.02148219840101398,0.0013515290384743894,0.04185967809035633,0.013128369392070616,0.007393532060553676,0.0017815610052616907,0.012265072135437469,0.006407368527695564,0.06055690756360485,0.030045115634410362,0.004203319976116522,0.0017761721334974426,0.002579114026370981,0.0011241186500229603,0.003789454624621975,Control
47,0.027181153952085507,0.002790609668440861,0.010649660648429107,0.001065861746983234,0.041702400652056604,0.012970037193200912,0.0035233896194918324,0.009497029694102158,0.0020516719026751735,0.03304115435514246,0.07069451193160567,0.17738257047339065,0.04353351082767741,0.02123046573232091,0.00981555665525418,0.008306892050149237,0.016223602567920718,0.0011767024118480855,0.0033767216690141016,0.018235528575619126,0.0020511121013374774,0.002193301641113605,0.022113272441875796,0.0014409286432430812,0.0034858829298658424,0.0017443409682771785,0.0011509515503138187,0.0026590563540810656,0.0028980915252795124,0.0022179328999724565,0.001184539630575902,0.004620040440048635,0.0014274934111382564,0.0028952925185909977,0.03481684419833092,0.0017353841468739585,0.0011962954586676262,0.003922527973272847,0.0030212478195737846,0.007711263426835081,0.005718930465956235,0.0016995568612610784,0.0,0.001757776200382003,0.0011783818158611855,0.0030559555025112713,0.0027346295346707336,0.0,0.0018473444144142136,0.004147568111028751,0.0018658178585583501,0.0066454016798518445,0.002603076220310938,0.009720390427844963,0.0028213987420144296,0.0019503478605512495,0.0012545147977885615,0.002276712040431089,0.00402049320737057,0.004096626189297936,0.0010994498272453065,0.0018210337515422502,0.002514067807616435,0.0011727838024841776,0.0012377207576575251,0.005727887287359455,0.0017863260686047744,0.0010820959857765632,0.0,0.006164532330766459,0.002529742245072067,0.0011363967155335905,0.0015668839442258683,0.0015764005669667953,0.019909334575345883,0.0030632329199013803,0.014258699872589183,0.0012041326773954426,0.0016598109662842799,0.0016889206358447473,0.005200554427244857,0.00875249391495945,0.0070915633459997665,0.005711653048566126,0.0034147881599777895,0.007660321505104262,0.0024625660845479123,0.02148517534097493,0.0013558388399124966,0.04190057032560282,0.013115585541003198,0.007451515606141689,0.0018383875930109944,0.012177918300353583,0.006516087570842857,0.060911423753938154,0.029754000900160536,0.004264566590608318,0.001813196532814434,0.0026187506577665704,0.0011341575101827827,0.003839677375293049,Control
48,0.027486719481657026,0.002757342526774106,0.01070767193486424,0.001078403214419956,0.04161237291567419,0.01293541946140924,0.003454437341029131,0.009574092311118096,0.0020464536101875326,0.03315215436782858,0.07062875981659751,0.17688916389511994,0.043587885428156635,0.020790668092714137,0.009715481860016459,0.008297152552426204,0.016089835076727208,0.0011744692842289527,0.003280040475837411,0.01838113400329975,0.002021328638083647,0.0021267549916176194,0.022203578288674072,0.001460204261096743,0.003435224127067332,0.0017429833588934805,0.001144910493518495,0.002638122070908585,0.0029243496942882113,0.0022435122149239424,0.0012601897772892908,0.004650090425267245,0.0014084763773534329,0.002864739466355441,0.034955733247678554,0.0017493877635474135,0.0012237339354130546,0.003858407480738751,0.0030243569361919328,0.007733072296368256,0.005766427421098964,0.0016759834332830954,0.0,0.0017548068751776654,0.0012390059772801288,0.0030327319268932283,0.002799710126792429,0.0010636238190647276,0.0018301817914893352,0.0042185320808945295,0.0019370860845588356,0.00658274269121951,0.0025410707080759077,0.00980514352517152,0.0027100484616373647,0.0019474316613074933,0.0012577265447300822,0.002329725354496116,0.003976149997068754,0.004090936634327704,0.0010857929120975704,0.001859247935687957,0.0024154458475564447,0.0011951604377262786,0.0012064913074986178,0.005696964262929381,0.00178239507984076,0.0010606679399936835,0.0,0.006118177030553436,0.0025632398011087502,0.0011424472609592874,0.0015528218053228505,0.0015651379681188707,0.01981424270624521,0.003026820168751131,0.01455819707141352,0.0011690501725987006,0.0016306599541937286,0.0016887922425909616,0.005184611890614735,0.008803593166598763,0.007146822947277465,0.005708295132701732,0.00341847414566473,0.007718292901013028,0.002436629647565616,0.021392189483671997,0.0013902484564153148,0.04199269602281541,0.013103904568458844,0.007476896110210933,0.0018282112054419726,0.012074766005222991,0.006563036830745875,0.06044674170986763,0.029689342036098156,0.004292921704182519,0.001814909749622261,0.0025750633173929355,0.0011252046330448603,0.0038175178202559438,Control
49,0.027536329926230986,0.00285778114100432,0.010660239477811851,0.001072946181208335,0.041531827328033635,0.012978401058472472,0.0034847152366223933,0.009512564640287716,0.0020829629676244,0.033268411174372604,0.07094974615855383,0.17723277425810144,0.04381773759386316,0.021008978451401976,0.009801253238897285,0.008357023628414513,0.016136670059609844,0.0011673402733967555,0.003334471306555825,0.01843988590900724,0.0020530715050980637,0.0021097079604111184,0.022324989419995524,0.0014363634361337415,0.0034894349412318147,0.0017376379137017744,0.0011712733605712706,0.002705963976067948,0.00288924583840046,0.002292203205308723,0.0012286964333192221,0.004677227267936064,0.0014198444700007744,0.002918350683491889,0.0349242408748445,0.0017195457126989936,0.001211390849751348,0.00385835851820154,0.003054435499730192,0.0077104240969238565,0.005791864173194281,0.0016668423445604646,0.0,0.0017368512962668676,0.0012255499635796141,0.003032410211552895,0.0027468680826829325,0.0,0.0019099071319456386,0.004108502862500849,0.0018847353740287247,0.006646130707499457,0.0026540472253643262,0.009785520890199226,0.0027586673442064878,0.0019429450642115835,0.0012640942178898875,0.002296136292483239,0.0040636656687113495,0.00402669464927089,0.0010941848519507346,0.0018619234684165208,0.0024684055107271024,0.0011539677770033964,0.0011775663000504967,0.005711629194834126,0.0017439308531810008,0.0,0.0,0.006167867307078139,0.0024809913896855548,0.0011712733605712706,0.0015535694339343655,0.0015881806010701134,0.01981961288982796,0.0030284771243783803,0.014335316133680904,0.0011846458569646295,0.0016660557271255569,0.0016511099958623945,0.0052750565184626974,0.008762131607389803,0.0072392402534166705,0.00572342845635768,0.0034036936408273315,0.007789872457849101,0.0025195356439958287,0.021510840374870426,0.001315224351158613,0.041957387360316435,0.013142017484932305,0.007421735498314273,0.0017982074561893441,0.012186277301524648,0.0065769083732279505,0.06050897294508,0.02967514273173352,0.00429178472483336,0.0017675293762281108,0.002596624152616364,0.0011508213072637784,0.003822960733630885,Control
50,0.027537294469720093,0.0028404814737486082,0.010669204487151474,0.0011717997646689463,0.0415292958033707,0.012886560395433885,0.0036108912637795687,0.009413242308445533,0.0020862567633401488,0.03294472957159707,0.07101203684371521,0.17801969076786894,0.04335173576886409,0.021215402369171927,0.009728851361084265,0.008065025175891354,0.016086350636802003,0.0011831293204046932,0.0034296183720075838,0.018507638548327886,0.0021105343827738936,0.0021040603509249,0.022238299401313853,0.0015149234526659245,0.003584995136383573,0.0017787402505126625,0.001187984844291436,0.0027207118845421112,0.0027304229323156185,0.002345218037300133,0.0012349215751966862,0.004641880835732765,0.0014534201501004253,0.0029311179196346068,0.03499537915976776,0.001820821457531159,0.0012591991946304417,0.003790545647589314,0.0031382869388025987,0.007550339643895878,0.005648592788252216,0.001717236947947163,0.0,0.0017301850116451618,0.0011750367805934377,0.0030703096043880954,0.002822677886163857,0.0,0.0018726137123231624,0.0041142472400393,0.0019519206024734028,0.006686056392054418,0.0027029082969573714,0.009746654948669015,0.0028550480454088575,0.002023134952812398,0.001277002782215183,0.002282096226772383,0.004046269905624797,0.0040851140967188004,0.0,0.0018709952043609117,0.002489265245940375,0.0011976958920649429,0.0012446326229701929,0.005803969552628215,0.0017641736788524133,0.0010568856993491925,0.0,0.006202122511341689,0.002455276578733133,0.0011766552885556889,0.0016508781214949215,0.0015489121198731762,0.019878514792353533,0.002992621222200106,0.014305991878327073,0.0011944588761404406,0.001576426755231424,0.0016460225976081683,0.0052439657976897395,0.008872660649054058,0.007228256559408142,0.005855761807420208,0.003374589101291079,0.007636120565895122,0.0025183983892608734,0.02132707941856716,0.0012689102424039377,0.04183195679231148,0.012870375315811375,0.00761831697831037,0.001854810124738411,0.012101584033742688,0.006394724958849433,0.06055323839165628,0.029727135742644312,0.0042858090840377895,0.0017852142823616562,0.002545913024619121,0.001116770493952441,0.0037047647255900686,Control
51,0.02741099507993733,0.002760001753251732,0.010783183028523182,0.0011396136271491074,0.04149111320527288,0.01278298578770311,0.0035421163939994968,0.009534676031953009,0.002086780481925075,0.032994006070634116,0.07090807482001779,0.17690104537634668,0.04368199300890868,0.0210287478495272,0.009816839982905796,0.0082416528780723,0.016154571056005467,0.0011759114169561337,0.003333232886619398,0.018376954601737917,0.0020614405154560076,0.002151157694035657,0.02223136896086965,0.0014635542795779027,0.003466096494592318,0.0017635246934548968,0.001184129784459613,0.0026641207990444754,0.00286889512267283,0.0022744332065878425,0.0012272762138528846,0.004679675429272731,0.0014635542795779027,0.002855882707458988,0.03486847872538601,0.0017505122782410546,0.0012245367580183842,0.003920161299159534,0.003053808391501108,0.007692391983256442,0.005752857252435375,0.0016950382975925694,0.0,0.0018059862588895301,0.001237549173232226,0.002998334410852623,0.002688775901554914,0.0,0.0018059862588895301,0.00421670739324341,0.0019135099003933832,0.006595924785500605,0.0026442597442443982,0.00981889457478166,0.002790820631389778,0.001975147656669476,0.0012546707721978133,0.0023168947720224853,0.004004399566070193,0.00412151130299477,0.0011129039327627958,0.001843653776613811,0.0024120908622711147,0.0011396136271491074,0.0012409734930253435,0.005867914397484081,0.001758045781785907,0.0,0.0,0.006355537536023842,0.002591525219430413,0.0011813903286251235,0.001566283873371394,0.0015703930571231287,0.01995282657053004,0.003102433732563359,0.014359542620453853,0.0011683779134112815,0.001723802583854743,0.0017066809848891664,0.005148122376971035,0.008775161901839822,0.007141761360523342,0.005743954020973278,0.003437332208330134,0.007721156269518616,0.002406611950602135,0.021438296496783832,0.0013724673730810086,0.04208899944115097,0.013207601442049542,0.007464332285034902,0.0018053013949309124,0.012065248359065915,0.006480867640451901,0.061025487897084126,0.029795006519904868,0.004288618108898845,0.0018333808172344692,0.002592894947347657,0.0011033158373420712,0.003763327452634812,Control
52,0.027343993897645656,0.0027156680505791304,0.0105376947513885,0.001099807947353658,0.04133306953990868,0.012871213392080036,0.0034694351937038593,0.009580816701433731,0.002108592117942741,0.033078491833813145,0.07088946779676572,0.17694420392936855,0.043580830242160855,0.02101520849334584,0.00989526247571132,0.008338078856681183,0.016190948324823994,0.0011885749362645535,0.003327257558922846,0.018106208949969303,0.002042393007568512,0.0021507188245445254,0.02186977882726769,0.0014654075796476846,0.00346868293108597,0.0017144065061689322,0.0011855658857929953,0.002658496091619565,0.0029022291798155857,0.0022974100350328657,0.0011825568353214372,0.004710668513220641,0.0014548759029972404,0.0028728909377179236,0.03485533613726682,0.0017768443034537136,0.0012916349149153404,0.003932828966323456,0.0030308660874745976,0.007684362641735683,0.005868400682151743,0.0016805546883639224,0.0,0.0017347175968519294,0.0012194177035979945,0.003009050471555821,0.0028390391199129145,0.0010749832809633128,0.0018708771306898367,0.004172800741430039,0.0019054812111127255,0.006640974390723701,0.0026111035466925645,0.00983508146628021,0.0028217370797014763,0.00199725725049518,0.001265305723289227,0.002316968863097984,0.003989248662665132,0.0039696898346000134,0.0010840104323779872,0.0018370253128848274,0.002495255103537665,0.0012224267540695527,0.0011569799063132127,0.005723213996899171,0.0017745875156000453,0.001058433503369763,0.0,0.006235504839681549,0.002559197426058225,0.0011253848763618825,0.0015978058003961436,0.0015496609928512528,0.01977322291121116,0.0030459113398323785,0.014236570043548447,0.0011675115829636565,0.001707636142607926,0.001707636142607926,0.0052041527905558,0.00881727014427645,0.007187117051311077,0.005715691370720287,0.0034611603049070844,0.007745295913784688,0.0024696781745294407,0.021208539986143325,0.0013826586916799053,0.04174530945451177,0.013112689692422415,0.0073714213926938735,0.0018016689698440488,0.01222652432854922,0.006418304655828566,0.0606925480112809,0.029806149445996244,0.004305951224796378,0.0018693726054540573,0.0025095480932775557,0.0011231280885082137,0.003782376442745668,Control
53,0.02729763212307541,0.0027867384840515857,0.010752298633855956,0.0011208430144639284,0.04164244668722825,0.012993984662783831,0.0035304908271459228,0.009511247676116991,0.002044083930393566,0.03308298245238474,0.07088151942840297,0.17675617492835566,0.04359980525215404,0.02103803675728366,0.009776912719701972,0.008314108295830106,0.016169340607286142,0.0011828681176149671,0.003403147252534937,0.018305089955610847,0.0021017178757994012,0.0020847021395367176,0.022138570667176026,0.0014776245812619384,0.003438825409214731,0.001752071940337339,0.0011345653824176931,0.0026978175397111602,0.0029020063748632567,0.002247174976109356,0.001211410642958803,0.0046529805257643,0.0014798201601345401,0.0028855395333187363,0.03471429755472892,0.001725176099147952,0.0012218396426036699,0.003933928444986758,0.003022214318138284,0.007754235683316295,0.005750769962065891,0.0016982802579585652,0.0,0.001771283255472614,0.0011965904855687321,0.003005747476593753,0.002773565010815974,0.0,0.0018772199360757235,0.004113965912540212,0.0018843555674116824,0.0066970644561578545,0.0025787073858724386,0.009831802191517051,0.002792776325951249,0.0019463806705627207,0.0012136062218314051,0.002333351446859037,0.003994306863983338,0.004101341334022743,0.0010999850151741939,0.0018333083586236532,0.0024936287045590638,0.0011943949066961295,0.0012075683799317519,0.005698624963841556,0.001771283255472614,0.001075284752857409,0.0,0.006176163368632757,0.002562240544327919,0.001142249908471805,0.0015511764734941508,0.0015654477361660686,0.019887553428039592,0.003032094423064997,0.014372259300060397,0.0011718902232519472,0.0016713844167691786,0.0016884001530318511,0.005211755348841804,0.008838851646382264,0.007170760597921995,0.005752965540938492,0.003397109410635273,0.007668608107284766,0.00249856875702242,0.02136188464099263,0.00134808542777835,0.041835657628017366,0.013140539552530044,0.0074968040605035684,0.0018338572533418058,0.012283166002778494,0.0065098913572684425,0.060847175085888286,0.029663917253023468,0.0042325271716607904,0.0018475796212955812,0.002579805175308745,0.0011093162253827547,0.003848849763673383,Control
54,0.027389367338114694,0.0028166880618635992,0.010603325379241482,0.0010958047837679036,0.04144692249506029,0.012822737517844032,0.0035242155600444442,0.0094653373841999,0.0020075373728871255,0.032789777090489754,0.07038077059139905,0.17739766017396696,0.04364332560933169,0.020880689580459195,0.009836357901538643,0.008401170008887243,0.016004693840963567,0.0011542860539427429,0.003410129147736155,0.01847912266590227,0.0020535554215492936,0.0021542199029977935,0.022073324008287123,0.0015032562562975183,0.0034427252655385215,0.0018234651782384444,0.001207973777381935,0.0026824687532656035,0.0028742106226913094,0.0022635127685704365,0.0012491982793084663,0.00462960743728363,0.0014505272422054554,0.0029106415778821933,0.03499001504214971,0.0017458097211210386,0.001181129915662344,0.004018909583162769,0.0030381499210502846,0.007870045030578032,0.005697609649984804,0.0017400574650382626,0.0,0.0017477271398152977,0.0011744189502324387,0.0030266454088847426,0.0028492841796659667,0.0010689609220483026,0.0019087903101328845,0.004285430781664493,0.0018359283997511158,0.006593044180202847,0.0026067307148424563,0.009749115350949938,0.0027716287225485613,0.001996991570068713,0.0012290653830187705,0.0023047372704969676,0.003980561209277625,0.0041234089019997755,0.001130318320264529,0.0018090845380315241,0.0023881449836971494,0.001264537628862526,0.0011667492754554138,0.005743627698646971,0.0017208832780956963,0.0010785480155195853,0.0,0.006112730797291454,0.002591391365288397,0.0011255247735288826,0.0015511917236539447,0.0015368110834470252,0.019969915700687128,0.0030122647686778125,0.014374887950845105,0.0011619557287197671,0.0016959568350703536,0.0017486858491624268,0.005047604712631669,0.008798075678598445,0.007066646597684337,0.005655426438711155,0.0034858671861593016,0.007662005102251149,0.0025377036418491945,0.021263214609963485,0.0013268537364258717,0.041826571396523154,0.012985718106855814,0.007490396129115139,0.0018023735726016195,0.012275314480633572,0.006408013276207037,0.06050702302532238,0.02962316011692424,0.004286389491011619,0.0017812819669647936,0.0026306984485206593,0.0011370292856944246,0.0038166219109186496,Control
55,0.02708972193186268,0.0028076806848412452,0.010657296997379296,0.0010626334484313102,0.04155912353795015,0.013000539986227914,0.00344179295243662,0.009593425048425358,0.0019989398435526157,0.03270508330154509,0.07098837295709336,0.1772133242840231,0.04369677544003917,0.02119817494562979,0.009865895163407754,0.00806511540347869,0.015958079234309475,0.001212492011671633,0.0033216584017398427,0.018384301758175348,0.002085634880137914,0.002146321405747632,0.02206388681096026,0.0014775311235181313,0.003343951411147492,0.0018069722625422904,0.0011951530043545651,0.002644198615851819,0.002924099733970091,0.0022961799689879443,0.00119763000539986,0.004630753454177958,0.0013165260555739898,0.0030021252668968553,0.034847689205724834,0.001771055747385527,0.0012100150106263373,0.004054850711146993,0.003010794770555389,0.007728243261318655,0.0056921484020866185,0.0017190387254343443,0.0,0.0017314237306608104,0.001190199002263974,0.0030268952773498097,0.002662776123691525,0.0010613949479086626,0.0018057337620196428,0.00426787280104232,0.0020038938456432066,0.006664371312364688,0.0026392446137612287,0.009795300633616864,0.0028473127015659627,0.002041048861322617,0.0012607935320548733,0.002282556463238829,0.003969394175084343,0.00404122720539788,0.0,0.0018069722625422904,0.002529018067245623,0.0011864835006960412,0.0011666674923336774,0.005856868971598705,0.0017462857369325833,0.0010626334484313102,0.0010675874505219009,0.006268051145117582,0.002459662037977381,0.0011518054860619152,0.0015283096449466673,0.0015728956637619646,0.019938619914097615,0.0030491882867574585,0.014386422071070114,0.0011963915048772125,0.0015889961705563848,0.001663306201915217,0.0052599117196827395,0.008690558167415544,0.007033444468113563,0.005725587916198099,0.0034306464477328012,0.0077715907796113036,0.002510440559405917,0.02124276096444509,0.0013462500681175244,0.041903426683246064,0.013145444547377552,0.0076960422477298255,0.0018664202876293608,0.012033271078040376,0.006424102210971132,0.06044130250622963,0.029509751953115317,0.004176223762366429,0.0017450472364099357,0.0025575035792665102,0.001131989477699562,0.0038554521270007932,Control
56,0.02732810086512831,0.0028202420745144763,0.010698648839508492,0.0010716023144816502,0.041624351826319746,0.012966836374397224,0.003489433059603956,0.009514954232717055,0.0020182217230378797,0.03310197484200596,0.07080197551455966,0.17700830155516828,0.04361062724604937,0.021088483413703486,0.009794624502029992,0.008304917937232804,0.016267954382920714,0.001189299221406943,0.0033622083078323362,0.01835118963549834,0.0020249472605764637,0.0021925252375796143,0.02211524881126123,0.0014975530252588722,0.0035499628974512516,0.0017962789842644847,0.0011909806057915867,0.0026565873277421674,0.002876288220669374,0.0022642643046578803,0.0012274106007922642,0.004690501971703427,0.001449913801027213,0.0028947834489004855,0.034775512766191154,0.0017497606829559144,0.0012330152154077603,0.00391930700061202,0.003024810507979848,0.007784809700915353,0.005815348125032232,0.001726781763032406,0.0,0.0017441560683404288,0.001223487370561422,0.00300799666413338,0.0027384147011283275,0.0,0.0018904365098047144,0.004152458968616397,0.001869699435727405,0.006616808015047273,0.0026100690264336084,0.00982825218972294,0.0027546680835132393,0.0020148589542685917,0.0012201246017921347,0.0022861223016582884,0.004031399292921817,0.004127798664308246,0.0010665581613277092,0.0018383135938806585,0.0025097464248163373,0.0011831341453299024,0.0012262896778691753,0.005782280898800841,0.001746397914186627,0.0,0.0,0.006226726837809183,0.0025271207301243597,0.0011612761483294938,0.0015631270162601086,0.001634866083338375,0.020021364790914285,0.0030264918923645022,0.014397694485731728,0.001144462304483016,0.0016499985428001988,0.001690912229493273,0.00521957759140566,0.008825026173550257,0.007135234866980081,0.005773313515416057,0.0034036824559869655,0.007779765547761413,0.002524318422816606,0.021504345818172836,0.0013198867419478503,0.04193540793747943,0.013145623580631316,0.0075656692694497,0.0018287857490343203,0.012049360961841532,0.006520408643660844,0.06070358090037016,0.029799175449097735,0.004279683720388017,0.0017906743696489993,0.0025517810344325106,0.001144462304483016,0.0038161820916870178,Control
57,0.02732899083829312,0.002879036740505741,0.011216377409866187,0.0011366262185944522,0.04153057337172054,0.012440436414506347,0.0034848210438225666,0.009517683280977745,0.0020983868650974614,0.033149516309337226,0.0710391386621535,0.17645185263828408,0.04230497804812547,0.021914403302461253,0.009967337609212921,0.008306114674344096,0.01609387783141714,0.0011178906215846606,0.0031975418896723192,0.01859820263172682,0.002229536044166046,0.002192064850146452,0.02220792765561477,0.001586280546829626,0.003384897859770301,0.0018111077109472132,0.001199078208627113,0.0026229835813718237,0.0028415655464861357,0.002229536044166046,0.001280265795669576,0.004683899252449681,0.0014363957707512385,0.0027541327604404093,0.03449847929404268,0.00186731450197661,0.0012615301986597844,0.004128076541158986,0.0029227531335285994,0.007456767609899891,0.0054333231328416295,0.0017299201239047504,0.0010679290295585273,0.0018048625119439384,0.0012865109946728509,0.0029914503225645242,0.0028040943524665417,0.0,0.0018485789049668072,0.004265470919230847,0.002023444477058262,0.006894699699605933,0.002947733929541665,0.010073505992268451,0.00251056999931303,0.0019797280840353933,0.0,0.002323214029215038,0.004065624551126326,0.003865778183021806,0.001280265795669576,0.0020047088800484595,0.002523060397319558,0.001249039800653246,0.001192833009623849,0.00577056387901801,0.001754900919917816,0.001249039800653246,0.0,0.005995391043135586,0.0024293824122705674,0.001230304203643454,0.0015425641538067577,0.0015113381587904266,0.019728583651318028,0.0031225995016331202,0.01417660173741436,0.001280265795669576,0.001773636516927608,0.0015925257458328903,0.005527001117890621,0.008786994997595601,0.0069509064906353194,0.00573933788400168,0.0034036334567801034,0.007756537162056665,0.002348194825228103,0.0215771625562849,0.0015675449498198238,0.04180536212786425,0.013533346240077963,0.00763787838099461,0.0017986173129406746,0.011934575295241756,0.006757305321534073,0.06146524859014636,0.029508565290432973,0.004015662959100193,0.0019734828850321287,0.002666699974394682,0.0,0.0035535182328584915,Control
58,0.026469497496755038,0.0027582050806601137,0.010140459855368076,0.0012052660856666096,0.04180187279807162,0.012307620990172468,0.00358103096606712,0.009943445206749491,0.002236695716669762,0.033353421101427756,0.06945345818653814,0.17620063044687553,0.04408492490265153,0.020292508807713727,0.00873817912108288,0.008912015575746338,0.0165608195809382,0.0013211570554422442,0.0033028926386056002,0.018554144261079156,0.0022714630076024482,0.0019006119043204195,0.02183385870572964,0.0015181717040608166,0.0033260708325607256,0.0017963100315223465,0.0010893751158909746,0.0027466159836825516,0.002630725013906917,0.0024800667531985937,0.0012052660856666096,0.004345911366586315,0.0015065826070832543,0.002862506953458187,0.03486000370851098,0.0017615427405896487,0.0,0.0035926200630446836,0.0029436306323011342,0.008089189690339331,0.006281290561839421,0.001715186352679399,0.0011704987947339118,0.0017847209345447847,0.0012400333765992969,0.0030363434081216436,0.0026423141108844798,0.001147320600778787,0.001923790098275544,0.004264787687743368,0.0021439829408492514,0.0070114036714259195,0.0028161505655479365,0.009920267012794366,0.0027582050806601137,0.0017731318375672114,0.0012168551826441723,0.0024568885592434584,0.00399823845725941,0.004206842202855556,0.0010546078249582772,0.0020280919710736166,0.0022830521045800116,0.0011936769886890367,0.001297978861487109,0.005748192100871499,0.001692008158724274,0.0010546078249582772,0.0010893751158909746,0.0056323011310958635,0.002584368625996667,0.0012400333765992969,0.0015413498980159414,0.0014370480252178799,0.020454756165399605,0.0032565362506953403,0.013547654366771756,0.0010661969219358395,0.0015645280919710772,0.0015877062859262015,0.0050644353791952515,0.008575931763396997,0.007602447617281656,0.005551177452252914,0.0031870016688299663,0.007695160393102164,0.002294641201557574,0.02174114592990914,0.0014138698312627443,0.04260152048952343,0.013246337845355132,0.006953458186538106,0.0019006119043204195,0.011739755238271804,0.0063508251437047955,0.0607500463563879,0.030826997960318937,0.0044849805303170745,0.001645651770814014,0.0026886704987947284,0.0012516224735768596,0.0035926200630446836,Control
59,0.02719674413088393,0.0026403999925095,0.01087370398806518,0.0012421739917479698,0.0416846126477032,0.012839959301636002,0.0035891962073119703,0.009381846781895471,0.0019038345099654825,0.032633596124916515,0.07024213029718543,0.1778930481951027,0.04384437245245097,0.02140409355630044,0.009544140871269572,0.00841432432601137,0.016054630687315514,0.0011610269470609144,0.003146008501713452,0.01852025242972977,0.0020099498760947094,0.0020286761171763304,0.022483973458674318,0.0014668888847275039,0.0034705966804616625,0.0015605200901356402,0.0010798799023738592,0.002783967840801979,0.0029774723319788013,0.002203454367271521,0.0010736378220133186,0.004793917716896689,0.0014980992865302164,0.002553010867461904,0.034643546001011216,0.0015917304919383524,0.0010673957416527783,0.0035018070822643746,0.0028838411265706657,0.007914957897167969,0.005805134735304585,0.001523067607972388,0.0011735111077820055,0.001635425054462155,0.0012484160721085106,0.002858872805128493,0.0026341579121489586,0.0,0.001622940893741064,0.004406908734543053,0.0018476557867205987,0.0065853947803724035,0.0026341579121489586,0.00963152999631717,0.0029337777694550078,0.001978739474291987,0.0013358051971561055,0.0022284226887136927,0.0042134042433662295,0.004088562636155383,0.0,0.0020037077957341587,0.002309569733400749,0.0010986061434554906,0.0011984794292241668,0.005811376815665122,0.0018476557867205987,0.0,0.0012296898310268892,0.0062233541194609285,0.0025779791889040753,0.0012609002328296012,0.0015917304919383524,0.001654151295543776,0.020037077957341585,0.0030274089748631447,0.014294364025642416,0.0012234477506663382,0.0017852349831151747,0.0016978458580675794,0.005224621261774125,0.008732670424399042,0.007084761209215806,0.005411883672590398,0.0033894496357746075,0.007740179647072776,0.0025093163049381114,0.02190970206550441,0.0013482893578771965,0.04185939089779842,0.013070916274976098,0.007708969245270066,0.0019288028314076535,0.012434224078200778,0.006760173030467594,0.06025480172031729,0.029830902043032875,0.004288309207692735,0.0018663820278022301,0.0027527574389992673,0.0010986061434554906,0.0037390061359649897,Control
60,0.027997844784578247,0.0027738420706032566,0.011394703757658007,0.0,0.04262537167488172,0.01319071660912773,0.0034722915128414943,0.009858114984733882,0.001895791343218057,0.03178942747101432,0.07118197601325056,0.17880305721298717,0.04300452994352538,0.019357027399173825,0.0102372732533775,0.008640817385404401,0.016323761250024982,0.0011374748059308324,0.003292690227694522,0.018039951308095974,0.0020155255333160426,0.002354772405260324,0.02199117958132941,0.0013569874877771295,0.003372513021093172,0.0020354812316657053,0.0,0.0028137534673025925,0.0026541078805052826,0.0023148610085609897,0.0013170760910778047,0.0046097663187723275,0.0013569874877771295,0.002853664864001918,0.03426393406637266,0.002055436930015367,0.0,0.00399113966993275,0.0024745065953582996,0.0075033425794735695,0.005627506934605174,0.0017361457564207471,0.0011574305042804948,0.0018159685498193969,0.0,0.003153000339246874,0.003292690227694522,0.0,0.001895791343218057,0.004709544810520641,0.0023148610085609897,0.00654546905868971,0.002833709165652255,0.00981820358803456,0.0026141964838059463,0.001895791343218057,0.0012172975993294925,0.002374728103609987,0.00431043084352737,0.0038913611781844263,0.0,0.0016962343597214224,0.0019157470415677202,0.0012572089960288173,0.0012771646943784797,0.00590688671150047,0.001895791343218057,0.0,0.0011175191075811699,0.005667418331304499,0.002414639500309312,0.0011773862026301571,0.0018758356448683948,0.0017561014547704094,0.020953483267146928,0.0029135319590509047,0.014467881303506206,0.0011175191075811699,0.001516633074574439,0.0016164115663227622,0.0056075512362555105,0.00903993135239767,0.007303785595976933,0.005707329728003835,0.0031330446408972135,0.008161880625012472,0.002414639500309312,0.022011135279679094,0.001337031789427467,0.041308295583803965,0.014288280018359268,0.008381393306858768,0.001676278661371749,0.011913551914749252,0.006565424757039372,0.06084492426812473,0.029933547524495643,0.003951228273233425,0.001955658438267045,0.002753886372253595,0.0,0.0036119814012891428,Control
61,0.027589953022331862,0.0027713101146614023,0.01092677077933669,0.0011045145720507271,0.04161547427779351,0.012766355550591486,0.0034443289334131393,0.009536819857205453,0.002017147183010521,0.03289677800593598,0.07092568249358724,0.17753377265710654,0.04372235730330427,0.02108887762417676,0.00985757776231267,0.00848194638951657,0.01606844362727547,0.0010691930170240308,0.0033994610121630253,0.018588684310260773,0.002017147183010521,0.0021593880397396117,0.02208360898465807,0.001494006313966618,0.0033775043698491374,0.0018099910359621147,0.0012018875075296947,0.0026920752750069416,0.002862955230406324,0.0023245401754049383,0.0011827947750828402,0.004654808170543922,0.0014653672152963367,0.002879184052986156,0.03472681641096729,0.0017517582019992038,0.0011503371299231772,0.0039054184220047596,0.0030500640083855287,0.007757377193158317,0.005771733018685108,0.001712618100483147,0.0,0.0017966261232493165,0.0011627474060136383,0.003041472278784438,0.0027913574837306054,0.0,0.0018090363993397772,0.00417367131288311,0.0019150010644198346,0.006643316254884162,0.0026262053480652896,0.009692425626647353,0.002759854475193291,0.0019474587095794972,0.0012687120710936951,0.0022834908006441855,0.004017110906818873,0.004020929453308244,0.0010835125663591766,0.0018185827655632042,0.0024066389249264224,0.0011512917665455254,0.0012028421441520423,0.005718273367833908,0.0018128549458291483,0.0010606012874229513,0.0,0.006231867870654373,0.0025116489533841416,0.0011169248481411771,0.0016286100777169671,0.001557966967663596,0.019627328955369814,0.0029784662617098096,0.014406421267776493,0.0011026052988060413,0.0016658409059883384,0.0017221644667065742,0.00520563350163577,0.008862846401831381,0.007187459129619604,0.005722091914323279,0.0033288179021096543,0.007683870173237912,0.002481100581469165,0.021215844294948386,0.0013746767361737628,0.04190186526449643,0.013065156813384793,0.007513944854460876,0.0018176281289408569,0.011996918432983079,0.0065631267786073625,0.06079889720377387,0.029696836047842623,0.004247178332803514,0.001744121109020462,0.0025116489533841416,0.0011427000369444353,0.003746948742695837,Control
62,0.027348063336871096,0.00263456941004942,0.010498075665476694,0.001106894370651488,0.041673366995786866,0.01291555441203275,0.0035109724589671818,0.009388501163177132,0.002085142422195779,0.03247247504797431,0.07075011524566084,0.17673324113680458,0.04339937177714166,0.02089698645997488,0.009838763280052315,0.008471896139538374,0.016233557392339133,0.0012114195049260784,0.0031759560029588647,0.01811768994092994,0.002122664265268714,0.0022379099261355725,0.02224777281060052,0.0014526313532520715,0.003425208246229055,0.0017581663611316578,0.0012060592416299448,0.0027685759924527503,0.0027310541493798146,0.002318313875577566,0.001230180426462551,0.00470631117400487,0.001415109510179136,0.002921343496392544,0.03559482841797194,0.0017420855712432571,0.0012650221378874144,0.003945153785953965,0.003058030210443936,0.00800823336442286,0.005644357250828164,0.0017045637281703318,0.0,0.0016777624116896634,0.0012140996365741505,0.0030312288939632675,0.002942784549577079,0.0010854533174669532,0.0018600113637581867,0.003982675629026901,0.001897533206831122,0.006708369515110582,0.0025595257239035595,0.010071934733434105,0.002564885987199693,0.0019404153132001809,0.0012837830594238776,0.0023156337439295045,0.004097921289893759,0.004100601421541832,0.001179257925149287,0.0019216543916637185,0.002398717825019571,0.0011283354238360228,0.0012891433227200108,0.005866808177617686,0.0017233246497067945,0.0,0.0,0.006188423975385673,0.002481801906109626,0.0011578168719647522,0.0014767525380846675,0.0015249949077498705,0.01970968813988144,0.002993707050890343,0.014145734838495298,0.0011980188466857494,0.0016563213585051289,0.0016884829382819311,0.00510833092121485,0.00889535693993289,0.006944221100140442,0.005727441331918231,0.003454689694357784,0.007785782437633341,0.0024898423010538324,0.020950589092936213,0.0013507863506255426,0.042244235036825006,0.013451580741646006,0.007584772564028345,0.0018090888624449218,0.01246797242680558,0.006376033190750328,0.06111772210250972,0.029843265901221064,0.0041327630013186225,0.001774247151020059,0.0024684012478692983,0.001082773185818892,0.003910312074529103,Control
63,0.027210294044726555,0.00281877095483482,0.010735359746119895,0.0011261733753923965,0.041335616830236704,0.012997242257915624,0.0035902140206201328,0.009383188834768146,0.001985345442478387,0.03315584103504963,0.07046545956646619,0.17623516712374765,0.04355840272188757,0.02081179840638361,0.009729336959465382,0.008229361752444013,0.016071571607843747,0.0011919701263679002,0.0034433633010515978,0.018272425249169468,0.002058770802262644,0.0021846428476070988,0.02201807217426796,0.0014685071956852614,0.0034786456167920877,0.0017984445266638954,0.001173852180447107,0.002670966659165201,0.0028616818793840643,0.0022714182728066816,0.0011919701263679002,0.0046000511116790176,0.0014685071956852614,0.002894103466821268,0.03493712119189386,0.0017803265807431019,0.001211995224490884,0.0039535265151370656,0.003027604120974477,0.007728734299369489,0.005802510575158958,0.0017212048624752568,0.0010498872873048537,0.0016983190360489865,0.0012539525729390322,0.00313726537260033,0.002751067051657125,0.0010765874181354954,0.001860426973235027,0.004195734844815021,0.0018918949845711359,0.006691243501378866,0.002557491103134976,0.009734104839970859,0.002769184997577919,0.0019519702789400765,0.0012549061490401278,0.0022876290665252838,0.004034580483730086,0.004017416113910389,0.0011118697338759855,0.0018728234625492472,0.002355332969702978,0.0011461984735153805,0.0012186702571985418,0.005709060117251718,0.0017297870473851054,0.0010784945703376757,0.0,0.0061553337325638635,0.0024688085257332025,0.0011833879414580516,0.0016182186435570714,0.0015781684473111038,0.019798147010920333,0.0030371398819854212,0.014255009135259029,0.001181480789255871,0.001615357915253785,0.0016687581769150685,0.00519889690316625,0.00890830793642317,0.0070755346701198785,0.00575006388959877,0.0034147560180187754,0.007758295158503415,0.002466901373531012,0.02123232546696624,0.0013388208459364345,0.042292053659634364,0.01314409297748412,0.007524669013735309,0.0018051195593715532,0.01237360348779992,0.006535810596900492,0.060500589310030474,0.02950650529616161,0.004197641997017213,0.0017984445266638954,0.0026137520930995463,0.0011605021150317915,0.003758043414412726,Control
64,0.028336722346278112,0.002937837601826328,0.01070345928818253,0.0010666034605356731,0.04069310512593408,0.013123588777585068,0.0034430708199747993,0.009237659210838191,0.002095782238245536,0.034037749030076996,0.07022117987550056,0.1769189506118931,0.04263295118573875,0.02111999600803383,0.009599431144821048,0.00837689150584449,0.016448148101944848,0.0012163021918389233,0.0034929703970758862,0.018643729494392594,0.0020645950025573487,0.0023764673594391266,0.022180362021431897,0.001478274971619614,0.0034804955028006203,0.0019086588241164655,0.0011414528261873033,0.002713289504871448,0.0028442758947617983,0.0022454809695487865,0.0011913524032883798,0.004353738102069588,0.0015156996544454344,0.002981499731789772,0.035497311660283706,0.0017340103042626717,0.0011913524032883798,0.0036863312583425914,0.003075061438854312,0.007528598695126063,0.005825775626551571,0.0017277728571250383,0.0,0.0015967864672346878,0.0012038272975636566,0.0030937737802672113,0.0028505133418994318,0.0011102655904991162,0.001765197539950848,0.004185327029353428,0.002170631603897157,0.006287346714736597,0.0025760656678434635,0.01005476478586844,0.0026571524806327275,0.0020146954254562726,0.0013847132645550843,0.0022454809695487865,0.003786130412544754,0.004222751712179239,0.0,0.0019585584012175522,0.002339042676613317,0.0011726400618754802,0.0012537268746647334,0.005782113496588116,0.0016778732800239514,0.0,0.0011289779319120265,0.006281109267598964,0.0026322026920821834,0.0013410511345916302,0.001571836678684144,0.001578074125821788,0.019916168710470195,0.002919125260413418,0.013934456905477705,0.0011352153790496597,0.0015406494429959674,0.0016716358328863182,0.005058569628622399,0.008863412382580062,0.007397612305235712,0.005788350943725749,0.0032185227230199192,0.007553548483676608,0.0024949788550542007,0.021712553486109197,0.0013847132645550843,0.04238969074737096,0.012961415152006602,0.007453749329474433,0.0017277728571250383,0.012231633836903202,0.006025373934955906,0.06039720063372463,0.02937837601826328,0.004341263207794314,0.0018837090355659223,0.002675864822045638,0.0011352153790496597,0.0037986053068200312,Control
65,0.027342831527172685,0.00278809520623493,0.010757631657927431,0.0011460151361932412,0.0419112741509069,0.013068778112735754,0.003435177981216434,0.009382222332671266,0.0020903545478353773,0.032991663432845764,0.07052915504562078,0.17673579715436535,0.04347880110950327,0.021025889045854014,0.009862038511461106,0.008228560723509266,0.01622485983059238,0.001164175509494052,0.0034657638730914873,0.01852262495770546,0.002017713054632133,0.002093221975198667,0.02192721704704684,0.001442315963732777,0.003548919266626772,0.0017816282017215986,0.0012177008202753892,0.00265619354752378,0.002854046035590509,0.002258576953148149,0.0011861591192792384,0.004520977142780674,0.0014681228100023487,0.002859780890317077,0.03492335366657938,0.0018064792388700845,0.001327618869201342,0.0038968337867054626,0.0030318265321142247,0.007715291225481101,0.0057922032738374,0.001714721563244933,0.0,0.0017319261274246472,0.0011938055922480102,0.0030270474865087527,0.002780448733266169,0.0,0.0018743416864678475,0.004176885859186379,0.0019288228063702806,0.006590303889951961,0.002636121555980787,0.009809469009800866,0.0027250118042426393,0.0020158014363899513,0.0011832916919159598,0.002267179235238007,0.003951314906607885,0.004193134614244998,0.0011240315264080547,0.0018351535125029357,0.002510910561117302,0.001147926754435434,0.0012234356750019573,0.005624936677645726,0.0017586887828153163,0.0011010921075017617,0.0,0.006030199744990127,0.002600756618500261,0.0011823358827948635,0.001647814924768267,0.0016009802778345944,0.019634230965539297,0.0030423404324462747,0.014525431213284926,0.0012062311108222428,0.0016650194889479813,0.0016554613977370278,0.00524643626569199,0.008854615697826678,0.007165700980851318,0.005675594561063773,0.003417017607915623,0.007687572760969336,0.002555833589808781,0.02149901456079617,0.0012893865043575373,0.042013545726864165,0.013220751762989928,0.007469648281359615,0.0019163972877960372,0.012112013182519438,0.006466048704209574,0.06068240948009712,0.02961670142625831,0.004407235857370336,0.0018141257118388459,0.002577817199593968,0.0011507941817987131,0.0037668437462364955,Control
66,0.027367411921799548,0.0028849248467833054,0.010781661930359135,0.0,0.04150169479919197,0.012779128291163046,0.0035922895196357084,0.009427876878830418,0.00205224774882734,0.03304824185982818,0.07081384599582298,0.17741568801999502,0.04381141507172939,0.021113431711575967,0.009663436847331121,0.008332249118362042,0.016235149108090572,0.001167528332249116,0.0033704248981408563,0.018477762180299298,0.0020762146060875836,0.002176190639230318,0.02224672167631043,0.0014291094600609423,0.003475879070085936,0.0018084705721231242,0.0011791693772040942,0.0026616906905878686,0.0028732838018283276,0.0022494607457116426,0.0012127229773684345,0.004687917280104085,0.001434587598863288,0.002834936830211939,0.034818365460334906,0.0016783647755675031,0.0012010819324134669,0.00381209983907967,0.002976683671722537,0.007775533262574039,0.005839011195946174,0.0016763104735166223,0.0,0.0017619063923032113,0.0011812236792549753,0.0030602252884582453,0.002750710446125932,0.0,0.0018831102133050324,0.004066148526038281,0.0018968055603108811,0.006668264457150685,0.0026048550005135724,0.00993255041599617,0.0028191871811551975,0.0019200876502208375,0.0012811997123977103,0.0023576539870579015,0.0040298558564727605,0.004058616085185064,0.0010949429931180884,0.0018570890539939082,0.0024459889752456573,0.0011593111240456022,0.0012332659978772232,0.005796555620228033,0.0018077858047728277,0.0010565960215016999,0.0,0.006132091621871469,0.0025576060533433823,0.0011284965932824296,0.001657821755058714,0.0015996165302838337,0.019993152326497055,0.0030732358681138075,0.014420515629814744,0.0012058753038655156,0.001675625706166325,0.0016906905878727682,0.005199438490772759,0.008823227308521928,0.007231143219091309,0.005730817954599925,0.0033820659430958337,0.0078056630259869236,0.0025233676858287444,0.021516074913548077,0.00136884993323518,0.04193583729927753,0.012958537336939748,0.007474920395795525,0.0018262745232307356,0.012166261512651074,0.006493648782826031,0.06057862841099741,0.02960112301845452,0.004283904543431371,0.0017981990618687305,0.0026096483719656193,0.0010976820625192567,0.003775807169514163,Control
67,0.027482735358028924,0.0027948425201558607,0.010744632432132068,0.0011536727241519286,0.0415772394440704,0.0129710800979496,0.003463832008368348,0.009675374785357072,0.002050582921282233,0.033037950908411724,0.07074616597270436,0.1770057549979005,0.04349205478257138,0.021145976882931072,0.009726023831783255,0.008375382593751729,0.016325172505727913,0.001234570506638194,0.0034286590594612802,0.01831877524978071,0.002076610903473468,0.0021645432757411423,0.022049921669842744,0.0014315390205177914,0.0034968945803409922,0.001788896181413623,0.001248639686201023,0.0026738475759155323,0.002865188417969997,0.0022510687300525407,0.00122542553992235,0.004673077991793445,0.001423800971758234,0.002825794715194081,0.034999897998448104,0.0017220675784901975,0.0012050252295562494,0.003861286331018242,0.003086074537106405,0.007803470444522761,0.005746556392437247,0.0016545355165886134,0.0,0.0017424678888562984,0.0012071356064906732,0.003024873606008102,0.002813132453587538,0.0,0.0018627593741184789,0.004184877460963302,0.0019035599948506801,0.006575934527665987,0.002608425890948383,0.009768934829449882,0.0027350485070138345,0.001973202433686678,0.0012521569810917225,0.002303124694435009,0.004035744157597315,0.004065992893657397,0.0010734784006438017,0.0018381383098835305,0.0024614029645168194,0.0012015079346655393,0.0011818110832775874,0.005680431248491959,0.0017199572015557734,0.0010558919261902727,0.0,0.00614119687917459,0.0025823979087571483,0.001172666116561743,0.0015891138316214636,0.0016228798625722554,0.019913516753227316,0.0030164320982704078,0.014439902444308891,0.0011888456730589966,0.0016306179113318134,0.001696039596298963,0.005211927569049768,0.00875736081888252,0.007000823750463403,0.005764846325868924,0.003382230766903945,0.007713427695320652,0.002426230015609752,0.02135631111739534,0.0013548619919003745,0.041954996915332346,0.013045646749632602,0.007471437806840005,0.0018219587533862766,0.012081204490600685,0.006435242732037695,0.060657157308200135,0.029675416992895793,0.004281954799946812,0.0018128137866704336,0.0026112397268609447,0.0011199066932011366,0.003774760876706854,Control
68,0.0001655491831562511,1.6483802646543164e-05,1.1706496744384571e-07,6.625898924215553e-06,0.00024907251287633627,7.817520013465835e-05,2.100514030687177e-05,7.435523014179148e-05,0.0007575652864509176,0.18597920163869255,0.00042843432476727373,0.7694722848874581,0.0002643132367543747,0.00043833524061475824,5.999155954420628e-05,0.006401785315274631,9.72145414587782e-05,7.2618927127528206e-06,0.0030482668999855024,0.00011027554117064822,1.2933800954162472e-05,3.2177733370351765e-08,4.5750532745310154e-05,9.952611769008208e-07,5.007434648121594e-06,1.0782985596563667e-05,7.383309708746254e-06,1.1766401974608805e-07,1.815473178188202e-05,1.2881765098736693e-05,7.1462574784733066e-06,2.8371104730476143e-05,8.973294180089428e-06,1.7825171364185425e-05,0.00021073365095096696,1.079454911999163e-05,3.286048242852903e-05,2.361271483987458e-05,1.8276148777875527e-05,4.6768670504345083e-05,4.4981901729313685e-06,9.576146101238554e-05,0.0,1.0505461034292843e-05,1.0130646607181897e-07,0.0004419237818218965,1.6709291353388215e-05,1.0993373582333463e-08,1.141319762338695e-05,0.005091579437000737,1.0968001971410903e-05,0.0007415736547633486,0.003966911287194091,5.8037324084882696e-05,1.656474731053885e-05,1.1852611513649084e-05,7.470036134455922e-06,1.4200006769523023e-05,2.460139609296432e-05,0.0030056030296859854,0.00023200929164893982,1.915057624297689e-05,1.4812873511204368e-05,1.7381276508064725e-08,7.474082575699331e-08,3.494496779926592e-05,1.119349067825589e-05,6.446664311082297e-06,0.0,6.603897051189105e-06,1.5252287401466496e-05,0.0010780519618326693,1.816852235344492e-05,3.0849916593358096e-06,0.009098164597059626,1.847272867615066e-05,8.683049742047908e-05,6.770442967064914e-06,9.424271593779525e-06,1.0511242796006825e-05,3.17996894268634e-05,5.3573804041693885e-05,1.3457680779943463e-07,0.005512921739865417,1.1657069136729169e-07,4.650270946550223e-05,7.002433364537552e-08,0.0001293380095416247,8.163847540132953e-06,0.000252778622134994,7.851054231406867e-05,4.5039923751866544e-05,0.0007844337110398034,7.49009216843588e-07,3.949521426816437e-05,0.0003677662991025323,0.0001775232116658937,2.6029491236316186e-05,2.476819302746837e-06,1.5564502534021156e-05,7.117348669903395e-06,2.390758468728729e-05,Treat
69,0.00016760805244681008,1.5960857721639447e-05,1.1408693245554724e-07,6.818600315449796e-06,0.0002517549133229474,8.052805065285398e-05,2.167476860050795e-05,7.702119312809268e-05,0.0007435720683550298,0.18378784157788025,0.0004325430535303473,0.7712055099960601,0.00026367794069018653,0.0004319980855265299,5.9386580401040234e-05,0.006334841609625644,9.7403134115112e-05,8.113753447993308e-06,0.003086572240315969,0.00011614476179780101,1.3065809543012693e-05,3.0739646231674915e-08,4.723009192476195e-05,1.0225244178045931e-06,5.160011694948459e-06,9.485092058921766e-06,6.818600315449796e-06,1.1803440599064405e-07,1.7446474550145235e-05,1.3941942544439196e-05,7.123342228989404e-06,2.8912389047074745e-05,8.189938926378191e-06,1.858925672591891e-05,0.00021549062561172826,1.0627874234695444e-05,3.228494266063828e-05,2.281755077628162e-05,1.8208329333994353e-05,4.82254078176504e-05,4.550794393007502e-06,9.667288813533476e-05,0.0,1.0742152452272836e-05,1.0679210888281461e-07,0.0004619074723413913,1.542755937294499e-05,0.0,1.0361225060348275e-05,0.0053403466746704,1.1351636279352111e-05,0.0007739476562532312,0.0038937877938815626,6.110075366470079e-05,1.7446474550145235e-05,1.1884934628046507e-05,7.732826056068749e-06,1.4284777197171316e-05,2.6398268260372612e-05,0.002873190120706812,0.0002526916325743317,1.862946028807648e-05,1.561802306890733e-05,0.0,7.206216400439795e-08,3.664521510314349e-05,1.150400723612195e-05,6.780507576257289e-06,7.580455099298912e-06,6.55638582067443e-06,1.4627611849903427e-05,0.0011746019500321842,1.9228961511108213e-05,2.6759761563350826e-06,0.009130410902724146,1.8855905900266136e-05,8.704190905476363e-05,6.6281366194875175e-06,1.0323132321155834e-05,9.599370276499097e-06,3.1693159008124114e-05,5.306318569509238e-05,1.3893140449606132e-07,0.005750090292204954,1.1916391482274976e-07,4.9368189993424075e-05,7.855869829453039e-08,0.00013042953899497224,8.685144535880144e-06,0.00025944964663982337,8.02233087393138e-05,4.544463785660102e-05,0.0007541445186982621,7.619705714516913e-07,3.828320288841913e-05,0.0003674425622504385,0.00018314989003733256,2.525548608459887e-05,2.3091199905137606e-06,1.4094313501209036e-05,7.047156750604518e-06,2.354131282093836e-05,Treat
70,0.00016655488746800882,1.698461648246586e-05,1.1667161584019604e-07,6.485035384214233e-06,0.00025086034746279345,7.799108343647117e-05,2.077161709530274e-05,7.444051871451489e-05,0.0007962695571671164,0.18770640163565838,0.00042636263337443613,0.7676104591518915,0.0002632046692029207,0.00042738432677113787,5.870663610972888e-05,0.006381435379142168,9.663352851339804e-05,7.102657801758457e-06,0.003156949345732829,0.00011083884411691474,1.2905057882371203e-05,3.2630137361131335e-08,4.5398510287350564e-05,1.0080983552083508e-06,5.119612938938822e-06,1.0182643278722382e-05,7.16767068781572e-06,1.1908103848252658e-07,1.683833748883694e-05,1.4050909999130855e-05,7.2083037416015204e-06,2.7386678251631564e-05,9.020537940448395e-06,1.781353077969627e-05,0.0002120232746543225,1.0239529554022447e-05,3.362764436945778e-05,2.379471629696654e-05,1.7691631618338815e-05,4.6362314369601756e-05,4.525822410376594e-06,0.00010009596124803084,0.0,1.0304542440079775e-05,9.901739894675184e-08,0.0004352772122592918,1.6976489871708727e-05,1.0949133232366878e-08,1.0954671300652597e-05,0.005250452241737316,1.1962371034540533e-05,0.0007406157523369864,0.003897858035220501,5.949491735317349e-05,1.7041502757765993e-05,1.2206169357255382e-05,7.947825320503136e-06,1.414030271745959e-05,2.4274186331638976e-05,0.0028079372435194532,0.00023654979296908838,1.869062309584781e-05,1.4514126812289028e-05,1.704447926661212e-08,7.214365106698458e-08,3.370105480994541e-05,1.0930291468381135e-05,6.4444023304284355e-06,0.0,6.670833407365038e-06,1.5814384533434738e-05,0.0011550479534607385,1.784709764747491e-05,3.017911700243009e-06,0.009030592777518859,1.7870417054996403e-05,8.814934688292185e-05,7.16767068781572e-06,9.768186130107145e-06,1.0288289218565444e-05,3.157188279156929e-05,5.430201307934777e-05,1.367500385404898e-07,0.005625136900257775,1.195678429699507e-07,4.680927796124559e-05,7.382723026980987e-08,0.00012835169029859622,8.313522804575376e-06,0.00025338772340827034,7.905566944565899e-05,4.501329698391312e-05,0.0007917501754029889,7.482411420298071e-07,3.958472099812974e-05,0.00036497421571484405,0.00017810280135393392,2.6151433416543114e-05,2.503398519694367e-06,1.549744671390543e-05,6.712580485414749e-06,2.2429445689763495e-05,Treat
71,0.00016664869041715428,1.6620111112328523e-05,1.1789627315492117e-07,6.743528027623437e-06,0.000251219863658651,7.733743932058908e-05,2.1266410448680915e-05,7.438084878070367e-05,0.0007727948141337968,0.18607302379969884,0.0004281841911344961,0.7690098704974638,0.00026301038105713793,0.0004325339772194377,5.9809381640697996e-05,0.006465051343569392,9.83608781525983e-05,7.041914223535963e-06,0.003145389051071208,0.0001111445953174801,1.2536482888268305e-05,3.159627692986395e-08,4.569672916917198e-05,1.016657816946017e-06,5.087202942210954e-06,1.0844206891450064e-05,7.122904762426537e-06,1.1304210937397354e-07,1.7400177881642714e-05,1.4109404406721567e-05,7.071752843127191e-06,2.7950261237121838e-05,8.75124086012067e-06,1.702506380678127e-05,0.00021264279118710124,1.0771741672442726e-05,3.284322675135893e-05,2.3487256278258578e-05,1.831664976908841e-05,4.6931885957101066e-05,4.445692412699387e-06,9.793051172915907e-05,0.0,1.075042837273467e-05,9.738319407338768e-08,0.0004406414198286426,1.687160804888335e-05,0.0,1.150918184234087e-05,0.005208376386029127,1.1530495142048927e-05,0.0007427322506675788,0.003951783094190212,5.937459032665402e-05,1.6603060472562118e-05,1.2093166254341102e-05,7.519332136996044e-06,1.3866432790049911e-05,2.439946550576263e-05,0.0029656041099911505,0.00023486691533945324,1.8557998010298198e-05,1.4936360435393457e-05,1.7490219891459736e-08,7.253320919510036e-08,3.5196783137855e-05,1.0797317632092368e-05,6.368413952761925e-06,0.0,6.693057088861054e-06,1.557149676669303e-05,0.0011206671783245093,1.7261739705371956e-05,3.1387544830581696e-06,0.009129320874083689,1.8815380982256483e-05,8.670250321230098e-05,7.127167422368125e-06,1.0098241401668687e-05,1.0354000998165166e-05,3.098101245560492e-05,5.39610122008122e-05,1.3443344373927608e-07,0.005559906477731366,1.1791196191553782e-07,4.7093867034882134e-05,7.065269506717917e-08,0.00013006228013833504,8.324974865959874e-06,0.00025579796043593764,7.923858565454572e-05,4.594721151058966e-05,0.0007855264438446968,7.412997096540281e-07,3.8790205468630316e-05,0.0003683321828943822,0.0001783667425966339,2.5784829986785107e-05,2.444671402318352e-06,1.5473455588036053e-05,6.935347724995749e-06,2.2975737085265632e-05,Treat
72,0.00016575089681389232,1.733742511977864e-05,1.1792172861804395e-07,0.0,0.00025094987059892334,7.794081003030581e-05,2.115366719459036e-05,7.478884690730491e-05,0.0007821590668982268,0.18527433737220766,0.0004287748825897017,0.7698844791673556,0.0002641286874290445,0.00043695097427453607,5.911979797952954e-05,0.006404830574144604,9.838235549801705e-05,7.002530314307622e-06,0.003196490047237909,0.00011100882150152126,1.221106166282463e-05,3.200019511219148e-08,4.5176340187143296e-05,1.0230391722658142e-06,5.117877234965267e-06,1.0663566371722695e-05,7.235339340402596e-06,1.1606647415130866e-07,1.7264386993944925e-05,1.3644434882311289e-05,7.2764232861840945e-06,2.8567036966712666e-05,8.910651351713515e-06,1.7223303048163425e-05,0.00021136777127991316,1.0499230588596888e-05,3.382700943825949e-05,2.3541100932779967e-05,1.8350829115721465e-05,4.75752092149376e-05,4.500149103574666e-06,9.807964330566642e-05,0.0,1.034402457120024e-05,1.0133439098945897e-07,0.0004418309156630333,1.647466225836785e-05,0.0,1.110179512672504e-05,0.005139433507411636,1.162219177329025e-05,0.0007370269383494375,0.003987657142346058,5.9361736771353735e-05,1.6899196364776363e-05,1.205585564542798e-05,7.5183620780082905e-06,1.4246999420439504e-05,2.4641237703150346e-05,0.0029741973831248713,0.0002419215625428572,1.8702880047502376e-05,1.5369960605132868e-05,1.743170394377477e-08,7.074931320756666e-08,3.520437665185172e-05,1.047184129140922e-05,0.0,0.0,6.787000619622648e-06,1.5219319470600827e-05,0.001117279654813218,1.7499246323023027e-05,3.0551903360174507e-06,0.009063958615846107,1.8834706699369854e-05,8.821179647567175e-05,7.157736331704271e-06,9.92405534765634e-06,1.0188818553803526e-05,3.168485196323945e-05,5.3838228505178824e-05,1.360164190627074e-07,0.005582110064945443,1.1664722542836077e-07,4.733783530597802e-05,7.178299284222858e-08,0.00012960158940906693,8.298957047856144e-06,0.00025351076988596783,7.936048860119818e-05,4.54160196199783e-05,0.0007838864839634037,7.487824221544403e-07,3.941776353588428e-05,0.0003687147187400632,0.00017963270560516332,2.5704855410603892e-05,2.422548983933826e-06,1.573515123430143e-05,6.787980819671095e-06,2.317134542074679e-05,Treat
73,0.00016578578033172437,1.74775028306886e-05,1.1699450562704156e-07,7.028217764019711e-06,0.0002519422828197791,7.965790602193436e-05,2.1442505520369806e-05,7.526825078100829e-05,0.0008026237933939713,0.1875465789015739,0.0004296230712205466,0.7675711753268661,0.00026503967437594594,0.0004356785937463841,6.027662933663367e-05,0.006298398748071688,9.835210642887884e-05,6.7133078031064655e-06,0.0031746468758721337,0.00011137792753938425,1.2467571634340521e-05,3.272204167615105e-08,4.5477990813183654e-05,1.0055471864241357e-06,5.009018638111794e-06,1.0850079562376733e-05,6.956647318357653e-06,1.1762028441746685e-07,1.7105336513245583e-05,1.4342717310687969e-05,7.500582705389677e-06,2.751167931251717e-05,8.889049351234751e-06,1.7720842345939792e-05,0.00021130458377282966,1.09789063645685e-05,3.3994700069216776e-05,2.301705532493636e-05,1.8608315872150005e-05,4.705041097827471e-05,4.469489511899474e-06,9.24556038603446e-05,0.0,9.96260603616645e-06,9.762203546662853e-08,0.0004486509011832763,1.627511934356507e-05,1.1132960589221877e-08,1.0477913244933713e-05,0.00521104893084098,1.1522841751600589e-05,0.0007373199511965134,0.003888465212821395,5.950366852348281e-05,1.661865748274321e-05,1.1479899484203353e-05,7.930005379362409e-06,1.4485858202012152e-05,2.44914065055759e-05,0.002899650719557487,0.00024802141569515095,1.90429992796763e-05,1.4027807349774657e-05,1.639126051947519e-08,7.108175163604636e-08,3.475460841352332e-05,1.0363400531874295e-05,6.57016691178222e-06,6.51291055525251e-06,6.817403440036817e-06,1.5817068491327516e-05,0.0011333340110387129,1.890402523629098e-05,2.9892264805754984e-06,0.009220962266864172,1.8865969476533676e-05,8.609924613152467e-05,7.400384081462731e-06,1.024888781881494e-05,1.0220259640550114e-05,3.1877476497906216e-05,5.483727546631286e-05,1.36857640443638e-07,0.00562335291267523,1.171941308280622e-07,4.6506475591242676e-05,7.1066574937308e-08,0.00012922759668751544,7.872749022832699e-06,0.0002562078813812411,7.891357338704845e-05,4.722218004786384e-05,0.000785147737263958,7.487835803484133e-07,3.899157879672052e-05,0.00037033411403405016,0.00017911219731401004,2.6223411290599115e-05,2.4772906017048535e-06,1.5802754402195104e-05,6.541538733517333e-06,2.3174510305393017e-05,Treat
74,0.00016648197951756564,1.7055667999412057e-05,1.1676292538939233e-07,6.426221545968795e-06,0.0002504941158618646,7.833326056330558e-05,2.1225571758129622e-05,7.47410371594719e-05,0.0007882900617831319,0.18654116285583403,0.0004254015858508113,0.7687353556394256,0.0002650887790173759,0.00043470462538416937,5.8597620171019324e-05,0.00631970767550483,9.828310834045769e-05,7.111685177538791e-06,0.003109890754214563,0.00011205426310526374,1.2638235707072031e-05,3.1933021984008044e-08,4.5564145454396547e-05,1.006993181645849e-06,5.063571938362553e-06,1.0662767602200102e-05,7.28305108543134e-06,1.1248502832250502e-07,1.7622127528278944e-05,1.4071045103617626e-05,7.1688071468363054e-06,2.8565744812858404e-05,8.839624748788194e-06,1.786013573368517e-05,0.00021035165193804612,1.0815092853660125e-05,3.406593120559531e-05,2.3953145792085228e-05,1.8398034277903292e-05,4.6997100239518594e-05,4.411052880703892e-06,9.764302802233563e-05,6.502384171698835e-06,1.0919816464038862e-05,9.745706405795178e-08,0.0004461001126111448,1.6831940286330143e-05,0.0,1.1029300238525745e-05,0.0052575285380854955,1.1962292403718266e-05,0.0007307798884336757,0.004010943861594142,5.9640096110698716e-05,1.6622493065572672e-05,1.1786166331717634e-05,7.49725847029696e-06,1.396632149323889e-05,2.440536138235714e-05,0.00296066376900682,0.00024191762340573217,1.9079701220176005e-05,1.4818390868593283e-05,1.729379090987465e-08,7.166533699360173e-08,3.5082409476881636e-05,1.0900775807606336e-05,0.0,0.0,6.718790640589981e-06,1.5770423690218272e-05,0.0011184421793699573,1.7130631914530702e-05,3.0445298053000155e-06,0.009139913414548957,1.828379033930833e-05,8.72776089224727e-05,7.1212055057550855e-06,9.967783642413875e-06,9.877340524359455e-06,3.139804245719282e-05,5.411354558116555e-05,1.3517475584848543e-07,0.0054085643956560455,1.1642814997900686e-07,4.675433187000423e-05,7.269499216429543e-08,0.00012941458160759548,8.139880624893819e-06,0.00025355014121928085,8.003263914990642e-05,4.521679886307984e-05,0.0007937759930898824,7.567076196613104e-07,3.9395118158842924e-05,0.0003688317955898532,0.00017961051212777402,2.5790569137821515e-05,2.5047294845750644e-06,1.5632378931082634e-05,6.8593964798081825e-06,2.2972551985811483e-05,Treat
75,0.00016880581569685612,1.691618694598949e-05,1.1997734389588617e-07,6.939415177585878e-06,0.00024976081516647346,7.920379626773413e-05,2.130509455568777e-05,7.419338380571574e-05,0.0007699252633780937,0.1854443462594783,0.0004300402817171604,0.7693802821023826,0.00026486040128063444,0.000434369708072514,5.9947827450349294e-05,0.006403819926947625,9.758779668584148e-05,7.019345614186342e-06,0.00311437080185145,0.00011055106022177161,1.2193024783234686e-05,3.2455642408699705e-08,4.591554806185004e-05,1.0242318622648022e-06,5.047161102262265e-06,1.0812408151044816e-05,7.404464990534077e-06,1.1652413216128413e-07,1.6807190896079753e-05,1.3486444575496755e-05,7.055677630822943e-06,2.8782223579494972e-05,8.596155136213744e-06,1.8187807528269626e-05,0.00021137240638826772,1.0412755968042483e-05,3.3789601540686306e-05,2.347774915055497e-05,1.8049745865050626e-05,4.8692168696338265e-05,4.544267955995031e-06,9.948377456702629e-05,0.0,1.0143899044931817e-05,9.77425501885656e-08,0.00044987835557441926,1.6879854929352893e-05,1.1228050476565096e-08,1.150998287046708e-05,0.005326521834649957,1.1480917257157816e-05,0.0007528576421279183,0.003968154379274673,5.902499422778029e-05,1.7170511062445493e-05,1.1786106196905016e-05,7.208272100696542e-06,1.4082289648336621e-05,2.4342451146505504e-05,0.0030466127379791172,0.0002381143115083993,1.9110316171033546e-05,1.4874327611013955e-05,1.71322096756651e-08,7.610560317696025e-08,3.457354703136512e-05,1.0914137797627215e-05,6.481631767965012e-06,6.387168524709943e-06,6.61995629317649e-06,1.456187226793942e-05,0.0011669890622700693,1.7852894213820467e-05,3.097548542893173e-06,0.009073318329370514,1.793348341181356e-05,8.721863913776304e-05,7.055677630822943e-06,9.845976508511947e-06,9.911374138457747e-06,3.179778096033072e-05,5.362605655558521e-05,1.37050970982157e-07,0.005668479851556701,1.2248194798454715e-07,4.638145243825207e-05,7.402565242097004e-08,0.00013041740691865109,8.305499003121146e-06,0.00025543587616510665,7.870241443814932e-05,4.6541313311453e-05,0.0007868323476069477,7.498058004017064e-07,3.929670919411985e-05,0.0003657762106903862,0.00018057738908710682,2.571580137536803e-05,2.50859344520997e-06,1.570269759032789e-05,7.012079210859012e-06,2.344141713391843e-05,Treat
76,0.0001653874120014286,1.6731745216207678e-05,1.1842912036600678e-07,6.783523505807697e-06,0.00025006792404986926,7.793956295794114e-05,1.9726145759566316e-05,7.48985129641862e-05,0.0008093276802410805,0.18621647859999185,0.00042621247165255813,0.7689220943039179,0.0002596329760224938,0.00042875761673645654,5.8766884597384315e-05,0.0063412863100037005,9.574986002862898e-05,6.655800259882486e-06,0.003083933692351928,0.00010711722891597617,1.2516878100674476e-05,3.254616428946569e-08,4.5692495680947265e-05,9.90449347116856e-07,5.007011767761765e-06,1.0586837940026226e-05,6.755140562268774e-06,1.2257178981672928e-07,1.7214255256369787e-05,1.406374852354696e-05,7.266033545969743e-06,2.8751921804950642e-05,9.749541105627407e-06,1.7299404086986618e-05,0.0002119070564617585,1.0232051145789452e-05,3.2481421360588086e-05,2.3316588117242794e-05,1.7498084691759195e-05,4.680347389571925e-05,4.30997364930883e-06,9.50485297351236e-05,0.0,1.0473306165870474e-05,9.123877407835902e-08,0.0004283205878725955,1.6717553744438218e-05,0.0,1.1679581266275592e-05,0.0053676987417076065,1.1594432435658762e-05,0.0007515992519459082,0.003955944226625272,5.8156651311297054e-05,1.7554850578837102e-05,1.1679581266275592e-05,7.436331207203399e-06,1.3978599692930069e-05,2.3486885778476448e-05,0.0028952004646728875,0.00024949781379970113,1.8637201231417087e-05,1.4390152374244811e-05,1.734564377347849e-08,6.711700102141762e-08,3.495359496821001e-05,9.792115520935788e-06,6.584842901035119e-06,6.4145452398013995e-06,6.619355345719841e-06,1.5553853059341548e-05,0.001121346484712004,1.7737577001194186e-05,2.999872400508375e-06,0.009079717637694804,1.864759390508647e-05,8.67524669267835e-05,6.740949090499313e-06,9.763732577396866e-06,1.0274625561097836e-05,3.0568430191443086e-05,5.377148653453012e-05,1.3453803266336793e-07,0.005657136636528195,1.1797901514772606e-07,4.6902814198105596e-05,7.296447626701123e-08,0.00013080279529922495,8.316202456910724e-06,0.0002481804583045296,7.640688400683799e-05,4.6264197968479286e-05,0.0007613027620213961,7.371739188737495e-07,3.96367806521358e-05,0.00036253533782293655,0.00018136700921385436,2.4707352350651097e-05,2.3761194494092932e-06,1.5142300378026804e-05,7.024778525888719e-06,2.3061141625392313e-05,Treat
77,0.00016640018568446044,1.7029820500573455e-05,1.1707493745944338e-07,6.705336892875004e-06,0.0002512952042570064,7.760714779064103e-05,2.081009361023494e-05,7.503766628051681e-05,0.0008021116549091159,0.18791844569345673,0.00042831733766271284,0.7671256220574524,0.0002634292612221168,0.00043326442948358416,5.8619021875882225e-05,0.006315901987738601,9.795245372345846e-05,7.083364203841167e-06,0.0031553722139918104,0.00010999355315308512,1.2313774867044905e-05,3.251358742012261e-08,4.499211934675808e-05,1.0129700336375908e-06,5.048688364966333e-06,1.1161101427049795e-05,7.387025486420511e-06,1.1642690447031697e-07,1.747601667089416e-05,1.3708137899297085e-05,7.4056169935172e-06,2.8810638830846418e-05,8.886740392220617e-06,1.7909818503150386e-05,0.00021163951961975376,1.058476470705221e-05,3.2637409432570075e-05,2.3363327251514505e-05,1.8703056139276083e-05,4.684440071464147e-05,4.397075582178972e-06,9.832556368212221e-05,0.0,1.0845045806405966e-05,1.0014889220893768e-07,0.00044037682102884655,1.6639398851542808e-05,0.0,1.1694057963821733e-05,0.005144018589336667,1.1694057963821733e-05,0.0007461292028483461,0.0039878502287979374,5.955479439974922e-05,1.6918271457993263e-05,1.160110042833823e-05,7.486180190936226e-06,1.3689546392200398e-05,2.4491212015380715e-05,0.0029752216552052257,0.00024059155612133612,1.8703810275853304e-05,1.4910388691550113e-05,1.7031512572118554e-08,6.997482602697794e-08,3.466696356630565e-05,1.0628144890277855e-05,0.0,6.414069948360076e-06,6.624887057284147e-06,1.5214049974129456e-05,0.001070909814860292,1.762693142996728e-05,3.0355406774860475e-06,0.009222656558607104,1.795319868637603e-05,8.801839176479084e-05,7.312659458033696e-06,1.0212934565118317e-05,9.890681775442219e-06,3.16799280927698e-05,5.2694528281068454e-05,1.355556595900625e-07,0.0056843437174082375,1.2011721555433682e-07,4.7234822363672055e-05,7.01740198332074e-08,0.00013014054967687162,8.260826319965237e-06,0.00025304900309312806,7.959643904998761e-05,4.502863018819748e-05,0.0007792292240487017,7.456639348866436e-07,3.9444980890156483e-05,0.0003669157868913585,0.00017896184731279506,2.5792617512149457e-05,2.467640612842243e-06,1.574700651090146e-05,7.0647726967444155e-06,2.3636002688932744e-05,Treat
78,0.00016277593711175637,1.685540966908934e-05,1.164374672067428e-07,6.648305437923826e-06,0.000252449845165635,7.692480468468344e-05,2.1039931327076687e-05,7.556177591079334e-05,0.0007808467690324821,0.18555564612628878,0.0004288548084251353,0.7700936433336678,0.0002611121960744595,0.0004347871664813195,5.90525953603825e-05,0.006440616555491255,9.82678205243713e-05,7.205589864338052e-06,0.0030601656852305855,0.00011153510064093428,1.2885980245858323e-05,3.148672861440491e-08,4.518245348253097e-05,9.626600275122767e-07,5.156603813552222e-06,1.0989257812097662e-05,6.882951512203534e-06,1.1587063230261391e-07,1.696295578646747e-05,1.3404156993225912e-05,7.528228216472574e-06,2.816730583332152e-05,8.955658501673884e-06,1.7246486459555415e-05,0.0002114943282840719,1.0295096509020323e-05,3.456311396103904e-05,2.3044199878215472e-05,1.8361055312383806e-05,4.78775760728134e-05,4.423983214618262e-06,9.561075991158822e-05,6.560313160068952e-06,1.0236434990450427e-05,1.0107204189317518e-07,0.0004524441713428302,1.7813547805731296e-05,1.1103362177609849e-08,1.1478103800180329e-05,0.005108818453990372,1.1693196034936656e-05,0.0007229066084456176,0.003928097493318566,5.799668802612399e-05,1.7109609582892303e-05,1.15660960780352e-05,7.186036024814735e-06,1.3580141548935659e-05,2.44422994041318e-05,0.002984859155362839,0.0,1.854067895816897e-05,1.4939133395805356e-05,1.6946732234726508e-08,7.504182309287995e-08,3.5128472703618266e-05,1.1038142410905959e-05,6.472320882214077e-06,0.0,6.54740348432681e-06,1.5017348753898572e-05,0.0010834239386822001,1.7209894003901623e-05,2.9064917015198266e-06,0.009084543152571593,1.8527262948331953e-05,8.739588574941403e-05,6.667859277447146e-06,1.0255988829973687e-05,1.007022735450234e-05,3.154034315109172e-05,5.3010458947681104e-05,1.3661403848746366e-07,0.005575508647352286,1.2105054088023065e-07,4.670434570141506e-05,7.285733519981822e-08,0.00012986682519403338,8.290827957881527e-06,0.0002536132986172719,7.903661935320093e-05,4.539423845335362e-05,0.0007360809991327007,7.520473867317615e-07,3.9283663602320694e-05,0.0003674166446429098,0.0001793282622682341,2.636835259717739e-05,2.3794567992577444e-06,1.5095564111991848e-05,6.931836111011771e-06,2.3141969075832005e-05,Treat
79,0.00016625966974701092,1.7242075842624836e-05,1.1707920916272214e-07,6.463161473705498e-06,0.0002521530220669313,7.796468917008552e-05,2.113911397323028e-05,7.53105423848128e-05,0.0007984452462612173,0.18583311340620032,0.00042933815635047453,0.7693424823576706,0.00026425088794436723,0.00043616819790268953,5.9080653286246575e-05,0.0063759219223822146,9.768017294364739e-05,7.001509028202033e-06,0.0031148723431953136,0.00011070519294271651,1.243582850886974e-05,3.2013690742402936e-08,4.555696203230784e-05,9.876474649026795e-07,5.030414183104513e-06,1.0841721583610575e-05,7.267691985703098e-06,1.142615155388085e-07,1.7200204366164028e-05,1.3787679034605503e-05,7.151050015562185e-06,2.8071834147246677e-05,8.864789730709494e-06,1.7472368963159495e-05,0.00021140609383103864,1.0841721583610575e-05,3.383381965839985e-05,2.3863750762932117e-05,1.8567008990635764e-05,4.7506180864571274e-05,4.468751592346428e-06,9.464911653610867e-05,0.0,1.076096945043613e-05,9.868139439545309e-08,0.0004446057861812856,1.6799434520038846e-05,1.10080284594252e-08,1.13381976616463e-05,0.00514586715346179,1.1664197014091373e-05,0.000734409771610945,0.003997844378827106,5.912850640220185e-05,1.682037025826928e-05,1.190645341361484e-05,7.339471659635973e-06,1.4161531503005852e-05,2.4058154046500307e-05,0.0029455103722580444,0.00023591018913041287,1.927050830644227e-05,1.5196355135538044e-05,1.7448601798659307e-08,7.490825037737419e-08,3.539934252789385e-05,1.080882256639134e-05,6.472133932947132e-06,6.522977868649574e-06,6.775475445598809e-06,1.5465528912786346e-05,0.0011335730909740722,1.7699124748603514e-05,3.1037801820817282e-06,0.00916204855855322,1.838755980580361e-05,8.731399169984206e-05,7.0284264059268695e-06,1.0168787140489926e-05,1.0255520913158832e-05,3.196588145810489e-05,5.3410059045549807e-05,1.3523977960623784e-07,0.0055475803703937294,1.1770466409397357e-07,4.7072512001226856e-05,7.15170512742022e-08,0.00012999598031217526,8.176901188852811e-06,0.00025352580833089717,7.858677967750413e-05,4.567878999903028e-05,0.0007814158137655371,7.450964686617421e-07,3.9302362297993625e-05,0.00036834038760627085,0.0001799307068114752,2.5861618354063688e-05,2.4728055627118502e-06,1.5698812853068175e-05,6.714390332470595e-06,2.37231822348136e-05,Treat
80,0.00016592401103341918,1.6759289829798318e-05,1.1805575844982998e-07,6.735403664790828e-06,0.0002517696002414323,7.808561551371157e-05,2.1301198208042022e-05,7.445570360175473e-05,0.0008141718968045893,0.18597468938959305,0.00042698163786539966,0.7691773766588816,0.00026354687429199446,0.00043688136044002263,5.9273664765683784e-05,0.006343733607631922,9.807705409639941e-05,7.059322711921368e-06,0.0031267521396323005,0.00011124506753409812,1.2358215819872323e-05,3.2151590289522536e-08,4.571393353490437e-05,1.0384091803605948e-06,5.065296358065189e-06,1.0780870894714807e-05,6.84102944102902e-06,1.1763674814842395e-07,1.732262730306886e-05,1.3829934968791591e-05,7.323387152516938e-06,2.7786620869068957e-05,8.615542481831174e-06,1.785075618426e-05,0.00021114240584100337,1.0379492945009568e-05,3.194691613134451e-05,2.3751716216768808e-05,1.8509156856144903e-05,4.706684589175292e-05,4.444604683305344e-06,9.785206543880639e-05,0.0,1.0721016288179836e-05,9.752009365644377e-08,0.0004386093504747691,1.648466281157892e-05,0.0,1.1006205884022996e-05,0.005191494071989873,1.1703336007195278e-05,0.0007351408730726215,0.003974053412025584,5.969968872984464e-05,1.7009270833562143e-05,1.2069505364821118e-05,7.700119087766604e-06,1.396724847790126e-05,2.4135489870434383e-05,0.003007628891690931,0.00023649482748464237,1.891074472057313e-05,1.4974214211372335e-05,1.731545278171048e-08,7.111584712243235e-08,3.4726234367920334e-05,1.0967476432735676e-05,6.531193830730225e-06,0.0,6.7113297610768465e-06,1.5361508724245825e-05,0.0011167682140321722,1.808786286547872e-05,3.037745309088662e-06,0.009131231614847104,1.8632386928422825e-05,8.752151819099282e-05,7.333949730140763e-06,9.833759767778695e-06,1.0090782489958427e-05,3.1494085615030656e-05,5.370366549872139e-05,1.362287814920146e-07,0.005543471262388653,1.1934019430821136e-07,4.6848552620860635e-05,7.10475710915469e-08,0.0001304231876397517,8.25993570182916e-06,0.00025264629418420947,7.931791623649077e-05,4.535922917590166e-05,0.0007937322857917592,7.488915448592869e-07,3.99476685732966e-05,0.0003680811841757579,0.0001783068728677472,2.6047316420346203e-05,2.4540341198003296e-06,1.556923941751435e-05,6.784695693701969e-06,2.2945439458150355e-05,Treat
81,0.00016393821020267512,1.761636657452235e-05,1.1740136746696884e-07,6.632637730350258e-06,0.000251767659600007,7.832973538780428e-05,2.0443061497654866e-05,7.54793387382597e-05,0.0008159376253144679,0.18364800783005986,0.0004312224058628773,0.7719189129668058,0.0002619942380183397,0.0004360585774283602,5.839144084070893e-05,0.006353132579456617,9.822764857885523e-05,7.137404680909585e-06,0.003111529420378737,0.00011062472488459362,1.2407171644749526e-05,3.1249352740732315e-08,4.5495448060185665e-05,1.0689669151937876e-06,5.060258875859819e-06,1.0620296639769341e-05,7.0061652737641496e-06,1.1335882923129802e-07,1.7263029709130745e-05,1.3043178002454348e-05,7.44026485124522e-06,2.8539523384627263e-05,9.055519093035263e-06,1.7858654710790804e-05,0.00021131563618217856,1.091306147109377e-05,3.4133116626484715e-05,2.3895667439481007e-05,1.8969142002021467e-05,4.578236241573566e-05,4.486975627291652e-06,9.756885456459502e-05,6.4004449330929475e-06,1.0135720367232305e-05,9.769649350483406e-08,0.0004373700067208012,1.7353887760231418e-05,0.0,1.1135158929339874e-05,0.005105036921414661,1.1478400455720275e-05,0.0007319851881570936,0.0038998314819424897,6.081432220339395e-05,1.6637118690437124e-05,1.1791355965067113e-05,7.258548749043879e-06,1.3527754274991325e-05,2.448119710212985e-05,0.002973292438672893,0.0,1.8851051622492718e-05,1.4719004278311511e-05,1.6354798837809018e-08,7.619273179441075e-08,3.4061673823746865e-05,1.0226578418333036e-05,0.0,0.0,6.7118746945687385e-06,1.5183389872826131e-05,0.0011884260633468922,1.7920830996233825e-05,3.1558834413740486e-06,0.009062005587075378,1.9201334799278776e-05,8.842507439899206e-05,7.33931146113334e-06,1.023667375734418e-05,1.016600638426586e-05,3.096240474731227e-05,5.413120777798777e-05,1.350679985200506e-07,0.00556923983755961,1.15217953779306e-07,4.690294504597746e-05,7.373618548197465e-08,0.00013035101731245395,7.995508496860579e-06,0.0002552101702028219,7.85316421680284e-05,4.530788148220982e-05,0.0007865592087274838,7.396845167204848e-07,3.901848527823996e-05,0.00037134695018752414,0.00017727415303645368,2.642959753128909e-05,2.6389484981376067e-06,1.48805297024905e-05,6.7234957814509315e-06,2.251260599494827e-05,Treat
82,0.00016652475932170193,1.697911367293925e-05,1.1806667582447976e-07,6.811001779739795e-06,0.0002534829845308846,7.919755444239196e-05,2.155809089075724e-05,7.442178535460107e-05,0.0008176416345030577,0.1875843920984393,0.0004268610875616851,0.767526244617087,0.00026451608155241663,0.00043611600597240086,5.9151675314454195e-05,0.006410869174481817,9.875347695917591e-05,6.938027567816642e-06,0.0030705163624073703,0.00011236338282455244,1.2412234149223821e-05,3.197279783603904e-08,4.6172844453279565e-05,1.0239633890583573e-06,5.1036411653265285e-06,1.0718556974865834e-05,6.865441403201274e-06,1.1758164716564991e-07,1.7704975319092675e-05,1.3791371276915362e-05,7.089248744098588e-06,2.8024308388574146e-05,9.006733259353957e-06,1.798322228345153e-05,0.00021124388557180532,1.0742752363070936e-05,3.393981397109102e-05,2.3669138511653478e-05,1.8255420400759053e-05,4.710237198830709e-05,4.4753869792401676e-06,9.81652485321027e-05,0.0,1.0718556974865834e-05,9.897486421704757e-08,0.00045604291507537624,1.69186252024265e-05,0.0,1.107543895089127e-05,0.0050880468436802695,1.1172220503711738e-05,0.000735160829259087,0.004033557193172965,5.921821263201828e-05,1.69428205906316e-05,1.2140036031916302e-05,7.87559886076483e-06,1.3718785112300059e-05,2.462485634575549e-05,0.0029742599138783857,0.00023592960623928125,1.8597489725412717e-05,1.5551585768837506e-05,1.8067536291586133e-08,7.52135047131496e-08,3.477482169780112e-05,1.0718556974865834e-05,0.0,0.0,6.664376355801886e-06,1.562417193345281e-05,0.001120080395876767,1.808389496956144e-05,3.098092087458943e-06,0.009181266127729678,1.8836109717681806e-05,8.828292271341238e-05,7.022711426534561e-06,9.98664648166107e-06,9.750741446661205e-06,3.211332899523851e-05,5.4887238143302724e-05,1.350195845506665e-07,0.0055812865243853645,1.2004951311701035e-07,4.706003005894817e-05,7.363446101725854e-08,0.00013099988058954217,8.359506624867112e-06,0.00025404552730665315,8.063113119354493e-05,4.502156860266724e-05,0.0007798942221256974,7.494697850355398e-07,3.871866997523483e-05,0.00037069149384351126,0.00017918499620002816,2.5635013803319044e-05,2.503996845186469e-06,1.54003645925555e-05,6.6960736857654995e-06,2.276181145396166e-05,Treat
83,0.0001659784243671059,1.690954700502279e-05,1.1715882171050027e-07,6.493845173170421e-06,0.0002516886641346959,7.833919321364977e-05,2.1380719091467966e-05,7.43480697404783e-05,0.0007953578950173016,0.18554910284520412,0.0004279593008188857,0.7697546466223723,0.0002631433811942555,0.000435958292677814,5.900669676368692e-05,0.006273805587659807,9.871922140958007e-05,7.064451896583402e-06,0.0031263685768002417,0.00011113630503250777,1.2255269775989786e-05,3.264989762140292e-08,4.5446542075415444e-05,1.0000433327352017e-06,5.0870645198513195e-06,1.0824494708327345e-05,7.068710155713392e-06,1.1640904285800854e-07,1.7280015549328244e-05,1.4026705574048078e-05,7.256073557431082e-06,2.80150868159267e-05,8.686848625093528e-06,1.7927270937080334e-05,0.0002112394606593214,1.0752104303118224e-05,3.466208063230457e-05,2.35566895068713e-05,1.8817247095239404e-05,4.672161917378745e-05,4.420471597390005e-06,0.00010018576347084433,6.455520841000896e-06,1.0364602722293003e-05,9.556083781729595e-08,0.0004386405367946009,1.6747733158084784e-05,1.1415844888984543e-08,1.1165155438723188e-05,0.005201248534815895,1.1348260581310953e-05,0.0007408702947038792,0.0039628243963181755,5.9564528709710074e-05,1.692232178241263e-05,1.1957191636893455e-05,7.63505861999645e-06,1.3783984803641103e-05,2.419117011723355e-05,0.0029416399240129046,0.00023940954008554158,1.8080100599139746e-05,1.4886873918297545e-05,1.686648854876607e-08,7.384287918792287e-08,3.470481190907473e-05,1.0560482642270607e-05,0.0,0.0,6.749382094441028e-06,1.5491546714750187e-05,0.0011003615740322868,1.771983163164561e-05,2.977786498324391e-06,0.0091224722798986,1.8374388145724828e-05,8.67535132544269e-05,7.175166633962046e-06,1.0202788875354995e-05,1.0147431506665643e-05,3.2120048617196414e-05,5.3351728639116204e-05,1.3581726845927037e-07,0.005591052980990694,1.1722909025193883e-07,4.68876912798554e-05,7.051876772711897e-08,0.00012920835678000649,8.018301941691744e-06,0.0002544352412735121,7.94335658100468e-05,4.539304232524374e-05,0.0007656792346244973,7.44778134665486e-07,3.953367776243551e-05,0.0003666063032745972,0.00017951117188208038,2.5374966155359033e-05,2.387451072438586e-06,1.570020141211763e-05,6.9154128270352365e-06,2.279446112261064e-05,Treat
84,0.00016768527351168456,1.679469637252453e-05,1.1804961811175949e-07,6.6120393959696455e-06,0.00025252524074809726,7.772780876563776e-05,2.1778441106338082e-05,7.469687333151488e-05,0.0007794001015028314,0.18580228498111437,0.00043033501785554534,0.7696338888433107,0.0002643187463725709,0.0004355746886734562,5.913035758858355e-05,0.006272880907260384,9.819779880417205e-05,6.902806299926098e-06,0.003123411112351785,0.00011074729837893254,1.2700698364817732e-05,3.0767051383303584e-08,4.5590454950924456e-05,1.0070192935955853e-06,5.110539578516172e-06,1.0624622670568693e-05,7.234280570436488e-06,1.1834732879407455e-07,1.7446014237386977e-05,1.3666044485953106e-05,7.432002065126858e-06,2.8099713598351277e-05,8.676484414060481e-06,1.8091516764170294e-05,0.0002107769286780302,1.0758375446388652e-05,3.215518467172142e-05,2.336021306386117e-05,1.8108962778407695e-05,4.764506488230383e-05,4.466479563600956e-06,9.359893431143629e-05,0.0,1.0560653951698218e-05,9.946498341781401e-08,0.0004374526349388438,1.6992417867214896e-05,0.0,1.1601599467862334e-05,0.0051605963305803,1.1252679183114606e-05,0.0007389363017760032,0.003981098127621407,5.8467409047562824e-05,1.653882149704282e-05,1.207845719035089e-05,7.612277545579824e-06,1.4055672137254774e-05,2.3965008224090542e-05,0.0029541300566189805,0.0002354646461807887,1.9172291973257043e-05,1.4910526834886724e-05,1.7201826249884157e-08,7.500297363170645e-08,3.4862951784378294e-05,1.0833974841417331e-05,6.420133239358412e-06,0.0,6.674501817216327e-06,1.5550214023590912e-05,0.001121670403759261,1.786240612949776e-05,3.0880517693532843e-06,0.009122410271201874,1.866723523400407e-05,8.689859691642445e-05,7.088897118458265e-06,9.961674129547979e-06,9.915151424914902e-06,3.171685388356952e-05,5.357089438493622e-05,1.3367675200797028e-07,0.005464710666965366,1.2147909521422527e-07,4.730195993563517e-05,7.212443817204073e-08,0.0001302170502678563,7.897229111457144e-06,0.00025305443651329785,7.844891068745e-05,4.55980658784504e-05,0.0007774349104986669,7.385152933592275e-07,3.99630032797744e-05,0.0003666803272413996,0.0001797230233354814,2.534324334884412e-05,2.5069285463960833e-06,1.5497875980878764e-05,7.152865837328675e-06,2.3424181782731576e-05,Treat
85,0.00016648344960922736,1.7419626506412975e-05,1.16538276908144e-07,7.1156289564255355e-06,0.00025182038806103923,7.950677873787e-05,2.1599931995749752e-05,7.388565256181314e-05,0.0007935408519599317,0.18537827416086372,0.00042746407124859563,0.7694070127388849,0.0002653329978147061,0.0004383044927214036,6.0336079956262436e-05,0.006294322659089267,9.797907297041093e-05,7.1156289564255355e-06,0.003238412820432137,0.00011044913680300905,1.2996397695661944e-05,3.2026423552942345e-08,4.600420582979396e-05,9.91993619526073e-07,5.051645783821762e-06,1.0749356972580242e-05,6.973923685600546e-06,1.1819932124963224e-07,1.7743524268298614e-05,1.3917481956024319e-05,7.540744768900445e-06,2.8047521818286048e-05,8.957797477150159e-06,1.7864985929005718e-05,0.00021367130479394442,1.119471639517298e-05,3.367210277373426e-05,2.2774061382585212e-05,1.8462172427482445e-05,4.635786716988458e-05,4.5219680179110665e-06,9.502413409082303e-05,0.0,1.0476068235989207e-05,9.808903992337e-08,0.0004409664340882529,1.7277921235587988e-05,1.1042203491697526e-08,1.1407274301410464e-05,0.005336889501176405,1.1427517911528292e-05,0.0007418995772617409,0.004120577013120911,5.943523930601794e-05,1.7328530260882655e-05,1.2247384121301395e-05,7.439526718311176e-06,1.3674558634610055e-05,2.3907703549185002e-05,0.002979875429553357,0.00024105764343368018,1.9817802327279142e-05,1.5243438418743707e-05,1.6275668243196003e-08,7.65919376384847e-08,3.4859496622943784e-05,1.0364728380340993e-05,6.498198847830972e-06,6.7512439743041775e-06,6.60994826422351e-06,1.5577457985688297e-05,0.0011395234641884216,1.8005520332677913e-05,3.0478038747034635e-06,0.009027579458629928,1.875570477419132e-05,8.776617166595382e-05,7.3281868626629595e-06,1.0142048669044625e-05,9.980099788101804e-06,3.166100622432293e-05,5.367593222748866e-05,1.3652359858486308e-07,0.005655282195818174,1.1731776155365633e-07,4.679310478741843e-05,7.325301402592117e-08,0.0001305004326247428,8.056956826905676e-06,0.0002512535669777391,8.042786299823191e-05,4.518373778304912e-05,0.0007893394949841593,7.497552943736473e-07,4.0082348033349956e-05,0.00036825151165387367,0.00018151433012173368,2.5759993874968634e-05,2.5523490878552525e-06,1.5425630909804417e-05,7.287699642427301e-06,2.2774061382585212e-05,Treat
86,0.00016685726935506358,1.65187888896775e-05,1.1648453197844866e-07,6.556357122471809e-06,0.000249545453022871,7.715499521331836e-05,2.0732628272292854e-05,7.486168527649764e-05,0.0007926743022235246,0.18409767626837267,0.00042757680125196234,0.7711455489038009,0.00026560650856108207,0.0004400174090550385,6.003038277022986e-05,0.006250438124692598,9.771260779240373e-05,7.431435588510193e-06,0.003166602472229897,0.00011157923579270352,1.2426114217744345e-05,3.222880640918623e-08,4.6156487931211795e-05,1.004177401713137e-06,5.2737189321091415e-06,1.0877898470138057e-05,7.606451281717868e-06,1.1530311263444547e-07,1.6868820276092857e-05,1.3220416209994575e-05,6.987164982675317e-06,2.89045148705278e-05,8.387290528336666e-06,1.7420792846978563e-05,0.0002121459456589557,1.0245149425464199e-05,3.1484699415546975e-05,2.2738577371365397e-05,1.843049876933052e-05,4.755041756996004e-05,4.395908446919826e-06,9.671848163293323e-05,0.0,1.05144043380914e-05,1.0488058552209993e-07,0.00046009063744311454,1.7124612443088682e-05,1.1605928366883576e-08,1.1537573006074655e-05,0.005238743402545749,1.1335631821604307e-05,0.0007308115199074593,0.0039884257635044475,5.8630257224568515e-05,1.7851600707182072e-05,1.2237635778905364e-05,7.269882640933885e-06,1.4001255456613376e-05,2.4165628408289418e-05,0.002951233664799968,0.00023815024382702223,1.9107495649305428e-05,1.4351286843028725e-05,1.6357585641363858e-08,7.879233173443557e-08,3.476080922016897e-05,1.138948280412972e-05,6.475580648683656e-06,6.56981986810318e-06,6.852722382172157e-06,1.5428306493537468e-05,0.0011070083245339633,1.7729536824151845e-05,3.159645321339082e-06,0.00891895652422512,1.8740141918851755e-05,8.851755252618532e-05,6.852537526361748e-06,1.0433627864303246e-05,1.0702882776930443e-05,3.1166256136596104e-05,5.4281790385639585e-05,1.3453637552161225e-07,0.005705704703325831,1.1639459041792137e-07,4.651378615634542e-05,7.031035500901087e-08,0.0001295789267018306,8.45460425649345e-06,0.00025309961786954937,8.084378751631106e-05,4.59618135854597e-05,0.0008005451507104883,7.596962809320802e-07,3.951315842803873e-05,0.00036590396351470687,0.00017970072868737994,2.5808083375315225e-05,2.5089451534082284e-06,1.6020667301317213e-05,6.785223798204963e-06,2.292705581020444e-05,Treat
87,0.00017126409812426722,1.62704430270886e-05,1.1392536742002425e-07,7.003364607312056e-06,0.0002605393116033362,7.668330539723507e-05,2.28493612945636e-05,7.567554826225617e-05,0.0006994596695950549,0.19273616325332274,0.00043102525810456954,0.7634133297095363,0.00026138820428301036,0.000453750824447478,5.793692538776339e-05,0.00638274394617748,9.917896140860093e-05,6.9326235506725454e-06,0.003209917068965641,0.0001165105202852826,1.2238202798636254e-05,3.626424101924146e-08,4.7865799602121396e-05,1.0585380173702458e-06,5.029127338940408e-06,9.974488986171702e-06,7.569293060428193e-06,1.290609120180512e-07,1.8958603179390208e-05,1.4784880837658781e-05,7.144846720591074e-06,2.8367163712445833e-05,9.620783702974154e-06,1.9666013745785368e-05,0.00020826167074673444,1.0469676382648327e-05,3.270302481083257e-05,2.4688628767190967e-05,1.7402299933320873e-05,4.78209542883126e-05,4.410479641748819e-06,0.00011406150579484495,0.0,1.1601533288880605e-05,9.057926084472966e-08,0.00042290571544216043,1.5916737743891057e-05,1.2172507817170689e-08,1.3582282874786991e-05,0.005351336166948061,1.1106345892403978e-05,0.0007212383061664175,0.004019246023613043,6.048360342678597e-05,1.62704430270886e-05,1.237968491191527e-05,7.993739400265251e-06,1.4148211327903132e-05,2.3556771860958747e-05,0.0029473546587025453,0.00025130156109292196,1.9959401914811124e-05,1.5209327177495897e-05,1.620131156197384e-08,8.642852381319173e-08,3.289459133737482e-05,1.0611158495927344e-05,0.0,0.0,6.859904284553521e-06,1.3653023931426564e-05,0.0,1.831600185050671e-05,3.794881154821567e-06,0.009015655908611094,1.7968228386437012e-05,8.870928502595292e-05,7.074105663951566e-06,1.0611158495927344e-05,1.0823381665845876e-05,2.978198484523615e-05,5.70172916514497e-05,1.4494964892956628e-07,0.005617196014967279,1.1956483665828961e-07,4.5981686815685236e-05,7.058073183567795e-08,0.00013143688323622032,8.84263207993949e-06,0.0002468155466152702,8.262555415495447e-05,4.3576490889941676e-05,0.0007579781072827649,7.388114566820971e-07,3.989795594468687e-05,0.000371885734753934,0.0001781259806183003,2.5113075107028088e-05,2.5506069746285563e-06,1.803896944307652e-05,6.720400380754019e-06,2.1576022275052308e-05,Treat
88,0.00016664620277527588,1.6922721713566837e-05,1.1748687014897382e-07,6.750074391366556e-06,0.00025250982511928956,7.864171176670842e-05,2.0989667943106903e-05,7.441214038953879e-05,0.0008025625682187575,0.18589287842919752,0.0004270152694394425,0.7692695499990949,0.000264985314722112,0.0004388134990698137,5.952882507065351e-05,0.006343395665310012,9.820530765530129e-05,7.1690930938040265e-06,0.003154196818301106,0.00011172306226586828,1.2609293894357626e-05,3.173119018808542e-08,4.591335864636797e-05,9.998876234928055e-07,5.072502694285801e-06,1.095082491244127e-05,7.2324740740046066e-06,1.1644884571717572e-07,1.740512139620489e-05,1.3549445100666899e-05,7.517688484907434e-06,2.80460837387765e-05,8.929675877154713e-06,1.76339971580405e-05,0.00021162909288988604,1.0795893627506406e-05,3.354558481908477e-05,2.3919277694602474e-05,1.86868256624842e-05,4.72434784084324e-05,4.494375224755221e-06,9.715509672411593e-05,0.0,1.0348705600535358e-05,9.705398749765246e-08,0.0004387327388904724,1.6714972945131443e-05,1.0960579911718318e-08,1.144378809177949e-05,0.005208593608566456,1.1542380727647131e-05,0.0007377275378055529,0.0040628184226006525,5.9328118633351534e-05,1.6662155461630904e-05,1.163040986681467e-05,7.595154127374863e-06,1.3880434663936835e-05,2.4546045165475274e-05,0.0029901847198514787,0.00023689832303874835,1.92315104337541e-05,1.4964953658480862e-05,1.6705772638685015e-08,7.198937698139642e-08,3.539123511091554e-05,1.079941479307315e-05,6.39091550356298e-06,0.0,6.7711327930432335e-06,1.5510734321319553e-05,0.0010931143254352639,1.820093797730256e-05,3.08973000211571e-06,0.00905665610328257,1.8538936708682765e-05,8.744814684902905e-05,7.05289463010285e-06,1.0035321865098955e-05,9.993067878298526e-06,3.150386832527723e-05,5.3458335633660284e-05,1.3590123782397852e-07,0.0055349160937798215,1.1983475924224866e-07,4.6746994063527486e-05,7.228084655989896e-08,0.00012909297200640617,8.09515963784645e-06,0.00025197812911871727,8.0064262655656e-05,4.488781864430916e-05,0.0007778103883738248,7.473095473065486e-07,3.941240618808856e-05,0.00036688080389131624,0.00017928718715973439,2.5443942384984183e-05,2.4788456718748254e-06,1.5500170824619445e-05,6.598664271998375e-06,2.2243202884852575e-05,Treat
89,0.00016604967984616622,1.71233658536712e-05,1.1763716190969491e-07,6.6858248659948905e-06,0.0002511446320651384,7.788145166971169e-05,2.128678498097767e-05,7.449729457261653e-05,0.0008104523841312534,0.18477907709600652,0.0004307399206597559,0.7701379321929684,0.0002638494389006936,0.00043444197933150764,6.049714729134839e-05,0.0063537854119729295,9.785194675946547e-05,6.987353827861075e-06,0.00314486773813916,0.00011154831998884951,1.2368486070396451e-05,3.154626843727114e-08,4.580110694226507e-05,1.0074384567824554e-06,5.112572174790628e-06,1.1040598911408739e-05,7.167111478204413e-06,1.1204614245028865e-07,1.750027705600396e-05,1.3806547273142973e-05,6.981555193979024e-06,2.850608416412046e-05,8.9820838832837e-06,1.785399372280859e-05,0.00021220100691334194,1.105219617917284e-05,3.327174693691644e-05,2.3606238533794612e-05,1.8700594269586777e-05,4.689355220407689e-05,4.6214749986728735e-06,9.482380101167527e-05,0.0,1.0553513665317167e-05,9.816325548038403e-08,0.0004453185843208066,1.6642079241461677e-05,0.0,1.127254426669046e-05,0.0053650969529558425,1.1800219949956313e-05,0.0007389441963099998,0.00406820561219678,5.9401205487642394e-05,1.71349631214353e-05,1.1800219949956313e-05,7.5208281450089785e-06,1.4090680333363007e-05,2.4151310118706617e-05,0.002910932688097486,0.00023478828862371996,1.916679861118461e-05,1.5354782519648308e-05,1.754383122833215e-08,7.021686565232436e-08,3.482079646166465e-05,1.0663687709075975e-05,6.529261751179748e-06,0.0,6.766338343111826e-06,1.526200437753558e-05,0.0011556990489571418,1.7865103231836913e-05,3.125471092654807e-06,0.009143573654346426,1.8062744542562112e-05,8.63648530391394e-05,6.964159292332941e-06,1.0083824320871741e-05,1.020559563239465e-05,3.164314509430541e-05,5.313868089503661e-05,1.352399697874666e-07,0.005553194152128448,1.20266362511754e-07,4.778074318802943e-05,7.003490414735721e-08,0.00013049825551536456,8.437012298371696e-06,0.000254989126328933,7.963843773597041e-05,4.6104937996119136e-05,0.0007579202087739762,7.470082167244042e-07,3.822459455042354e-05,0.00036749422090831974,0.00017866750717349035,2.6001074327078137e-05,2.5350085974958726e-06,1.5969437711144777e-05,6.964159292332941e-06,2.3119153287703043e-05,Treat
90,0.00016663148130535742,1.6711346696944204e-05,1.1709134014211757e-07,6.762861349191461e-06,0.0002521010953944157,7.708005112357982e-05,2.1855037455850436e-05,7.399579869669819e-05,0.0008027679674943278,0.18630136131218678,0.0004295998472196874,0.7687280346576605,0.0002644821021405971,0.00043006082156065687,5.950263643648326e-05,0.006411481043038479,9.853594420135997e-05,7.026447259237944e-06,0.0032684692441848503,0.00011166252252167316,1.2200262122149432e-05,3.062664588675562e-08,4.510518959184464e-05,1.055509950767789e-06,5.0826458004873476e-06,1.0648870765876107e-05,7.500901897321539e-06,1.1809601573040673e-07,1.7690380077116706e-05,1.34127573083631e-05,7.884984223389173e-06,2.818109929696501e-05,8.728459135537807e-06,1.759247673909949e-05,0.0002124954296534375,1.1070608221950451e-05,3.3791350670017704e-05,2.3436552916129074e-05,1.8548917041268002e-05,4.714422276830597e-05,4.529241140144969e-06,9.987339218623315e-05,0.0,1.0355160751824368e-05,1.031291598168897e-07,0.00044329494244035574,1.738913903706364e-05,1.1274100951793765e-08,1.1017891039941144e-05,0.005172178390063128,1.1597780042043291e-05,0.0007333751844246225,0.003956027263184436,5.9849063632544325e-05,1.677912593095617e-05,1.2539158292209149e-05,7.553619079330783e-06,1.3977584258462588e-05,2.4174593464259085e-05,0.0030060856766384266,0.00024460184300080404,1.9484313641637315e-05,1.4768341988601913e-05,1.7574562820831223e-08,7.420241067342604e-08,3.499667782816578e-05,1.086727051991461e-05,6.544461595153021e-06,0.0,6.578079974316291e-06,1.5521444588734584e-05,0.0010837009204556114,1.8292626812866528e-05,2.9314008402761722e-06,0.00903121692246641,1.839076549524014e-05,8.834646602156481e-05,6.80804750519944e-06,1.0129229971784597e-05,9.903299191744762e-06,3.147215765954479e-05,5.425351131355847e-05,1.3745244170239672e-07,0.005645374610580602,1.1464513178977571e-07,4.7724111770408113e-05,7.330603018949985e-08,0.00013009094314691958,8.073259873422356e-06,0.000252914446202559,8.078531591623263e-05,4.492257009791453e-05,0.0007641847325933847,7.663897402218348e-07,3.955294855896848e-05,0.0003707298169673159,0.00018033041760177096,2.6366122030645203e-05,2.545642563913244e-06,1.5830216654788984e-05,6.604709803163597e-06,2.3308525474106533e-05,Treat
91,0.00016616894676395742,1.7157710343646475e-05,1.178877111214745e-07,6.567461425456557e-06,0.00025198068457724836,7.9331224244306e-05,2.1047177789790624e-05,7.575079666846474e-05,0.0007794668774049009,0.18529794982182968,0.0004279515530273902,0.7697288478723733,0.00026378240696226993,0.0004354285043899084,5.9350606827228406e-05,0.0063573332439917285,9.792647248160954e-05,7.251451229696522e-06,0.003171456796482972,0.00011088749961957999,1.2161106858435933e-05,3.294233796412425e-08,4.5717327613443375e-05,1.0236246426597926e-06,4.9575713473194256e-06,1.0567062823130877e-05,7.344195609932432e-06,1.1641172480843527e-07,1.7731566196356266e-05,1.371457522738768e-05,7.239858182167035e-06,2.826964640066345e-05,8.770140456059802e-06,1.802718890835826e-05,0.00021204843236191697,1.0225067921010927e-05,3.360116806260041e-05,2.4142521480164698e-05,1.8514096904596912e-05,4.7467733109500276e-05,4.514109288273349e-06,9.434687094228522e-05,0.0,1.0300422729952637e-05,9.789315291358615e-08,0.0004447356478447931,1.689107025046817e-05,0.0,1.1616233624549833e-05,0.00518441283085713,1.17553501949037e-05,0.0007338835425551781,0.0040020339782144525,5.854489002392877e-05,1.7314216485294606e-05,1.2253851238671842e-05,7.436939990168405e-06,1.4357989365274399e-05,2.4542481619932154e-05,0.0029973153411288933,0.0002546641481307514,1.914991186892491e-05,1.507096178833812e-05,1.7034380834952445e-08,7.093377684505559e-08,3.491825915882643e-05,1.0607638489484118e-05,6.642816234398266e-06,0.0,6.726540976538988e-06,1.558105587963569e-05,0.0011301435038656355,1.7685846615444705e-05,3.1187810108924505e-06,0.00915033004966652,1.8832905711657886e-05,8.738839227730227e-05,7.164503373225324e-06,9.830904305008245e-06,1.0659807203366852e-05,3.176495023080492e-05,5.2835314115654526e-05,1.376058422564611e-07,0.005581858227927998,1.1922627782759083e-07,4.669679544878917e-05,6.998174680612175e-08,0.00012973779490253214,8.20208112711479e-06,0.0002538877408958496,7.974277743160249e-05,4.569979336125295e-05,0.0007835573216366102,7.565215279213633e-07,3.876135441485269e-05,0.00036893714457851676,0.00018111818155323577,2.596842646605952e-05,2.498817901551833e-06,1.565061416481262e-05,6.955828517694526e-06,2.2658611396389878e-05,Treat
92,0.00016660260407143032,1.7129494912324245e-05,1.1741723265454327e-07,0.0,0.0002531593219648909,7.808127112167508e-05,2.1286035857874063e-05,7.650354465082617e-05,0.0007850923419485064,0.18477941396836173,0.0004287731769143691,0.7711855012981778,0.0002635993837929711,0.00044018354095262056,6.070822888832267e-05,0.006323571016509455,9.71916175783633e-05,7.1278182620951075e-06,0.0030045969366251438,0.00011172327439971869,1.2437149860512202e-05,2.911187907283505e-08,4.517207732825886e-05,9.32875537751974e-07,5.09679380268335e-06,1.0813501053656842e-05,6.803088500724063e-06,1.1754786465172163e-07,1.7665299018586545e-05,1.410950813157325e-05,7.679858856425932e-06,2.8186543287009396e-05,9.303507663281347e-06,1.7486697649832467e-05,0.00021081456108210269,1.0293933435463135e-05,3.362981725990151e-05,2.544257680342381e-05,1.7584116578243803e-05,4.890430206248411e-05,4.641230378201844e-06,9.387405442834225e-05,0.0,1.0667372661039878e-05,9.804009792254219e-08,0.00042362922906087765,1.7145731400392836e-05,1.1091521468383786e-08,1.1105757838890779e-05,0.005223352223356614,1.1479197064467524e-05,0.0007480556182878478,0.0037476456463684926,5.8987161153055984e-05,1.6674873246404762e-05,1.1917582242318491e-05,7.355129095054884e-06,1.3833487834407845e-05,2.3266887402237627e-05,0.0030635849166454564,0.0,1.8379856823218768e-05,1.5262298784440593e-05,1.7731493853964847e-08,7.278926970665889e-08,3.5574145358201396e-05,1.0959629446273811e-05,6.4621222512844335e-06,6.397176299010209e-06,6.8237379687643414e-06,1.4629075749766963e-05,0.0010612893167081543,1.8176526993369973e-05,2.830753779151512e-06,0.008951296202333139,1.75354071140381e-05,8.853756943782392e-05,6.559541179695765e-06,1.0099095578640467e-05,1.0050386114434833e-05,3.1450077388788756e-05,5.345051872167918e-05,1.377703761544527e-07,0.005537301813319468,1.1386321231186928e-07,4.8368497956221804e-05,7.161968351062844e-08,0.0001279110530040669,7.582439928014662e-06,0.00025346781523819347,8.05816902842327e-05,4.398464617771229e-05,0.000762707925840095,7.411964634443858e-07,3.997423362477949e-05,0.00036785387368115495,0.00017845524036147486,2.5734833588657808e-05,2.3197082839963556e-06,1.589552181911416e-05,6.868034452998285e-06,2.3883873948842675e-05,Treat
93,0.0001671089435979177,1.7175607662695916e-05,1.1704758234745118e-07,7.02378630048431e-06,0.00025288897559092597,7.88297504328775e-05,2.0777339940037316e-05,7.639502923124139e-05,0.000810144838701504,0.18426463299417853,0.0004288103208379402,0.7709753041649309,0.0002650335921360654,0.0004358861596463357,5.835459664762836e-05,0.006344154043970858,9.712426358762746e-05,7.530152289588997e-06,0.0031941432418062647,0.00011291144837697145,1.2487638666791286e-05,3.167126952857739e-08,4.5950618867579245e-05,1.011266784287256e-06,5.1216404748344624e-06,1.0756193671788163e-05,7.17896297456478e-06,1.1677841727671737e-07,1.7232778016304515e-05,1.3622878545590482e-05,7.4974835160983496e-06,2.8184984329036486e-05,8.983912709921827e-06,1.7600301718074056e-05,0.00021374361775578507,1.0862367185632728e-05,3.364751002882963e-05,2.3456179366268515e-05,1.8523194569184178e-05,4.729621682105189e-05,4.530721235218419e-06,9.4284230798876e-05,0.0,1.0568348224217112e-05,9.852115585045147e-08,0.000460380993458363,1.6906090281398314e-05,0.0,1.1417736334973317e-05,0.005162509112563985,1.1907767937332678e-05,0.0007383129102190207,0.004002257161908424,5.980835706796121e-05,1.6612071319982695e-05,1.2430468313182687e-05,7.70983054378742e-06,1.4308922788893593e-05,2.4493412924595904e-05,0.0028894283883335163,0.0002454284684412931,1.8756028667528232e-05,1.4986799838824067e-05,1.7759649976539853e-08,7.330862657022984e-08,3.489841728135986e-05,1.0535679450726466e-05,6.6154266318514985e-06,6.803272079422613e-06,6.660309121535472e-06,1.514197651290454e-05,0.001093921541595178,1.8331762469726274e-05,2.96517724352417e-06,0.009020093989236271,1.790248787286236e-05,8.716028767298699e-05,7.3259724552726205e-06,1.0151821362211606e-05,1.0396837163391319e-05,3.1255849037155175e-05,5.280907234759485e-05,1.3382697592870758e-07,0.00563357566388436,1.2011814687894554e-07,4.6961361892773e-05,7.396197470874511e-08,0.00012910699283494886,8.208029339519473e-06,0.0002545959190058112,7.886241920636827e-05,4.522991689776988e-05,0.0007528182897991175,7.42924736020313e-07,3.9717061371226995e-05,0.000367041837360541,0.0001793188976900393,2.6241192306344292e-05,2.4404413800931005e-06,1.662023851335533e-05,6.844108046285888e-06,2.3497015333131797e-05,Treat
94,0.00016649014432740695,1.7012229470920722e-05,1.1726326685534887e-07,6.472359299075625e-06,0.00025068886328085267,7.830269401860553e-05,2.115437357071352e-05,7.57947558826024e-05,0.0007998359856997863,0.18477038056693987,0.0004276732685858132,0.7703649865175904,0.00026281676267213804,0.0004344188392070715,5.983097033034032e-05,0.006307419584532393,9.840805612060241e-05,7.1606435038459975e-06,0.0031452717670473647,0.00011124911745899941,1.2484480364840954e-05,3.165917545381636e-08,4.5808916164580045e-05,1.029160391838952e-06,5.003094713245121e-06,1.0792793885646301e-05,7.102595438383443e-06,1.1689025574408915e-07,1.7273445765502278e-05,1.3703489739554746e-05,7.152350923065642e-06,2.8335748526510437e-05,8.458432395973264e-06,1.7277592055892428e-05,0.00021241445668907348,1.0879865983840134e-05,3.382582750579526e-05,2.3364346348681084e-05,1.8521479172947348e-05,4.713917544599021e-05,4.394107422243279e-06,9.735363736248628e-05,0.0,1.0755477272134668e-05,1.014867123804912e-07,0.0004395506073302728,1.7190519957698597e-05,0.0,1.1572296479000654e-05,0.0051923323453556035,1.1539126155879225e-05,0.0007438591238764543,0.003983774207025995,5.9801946297609044e-05,1.7144910763406604e-05,1.2123753100894992e-05,7.662344641058138e-06,1.4184459424815963e-05,2.396970474564777e-05,0.002976479878996225,0.0002340161854978297,1.895181073917737e-05,1.4984693470121302e-05,1.7372587724267238e-08,6.945004064838321e-08,3.4795668954415504e-05,1.0597918237307717e-05,0.0,6.401872362442505e-06,6.7365977809065285e-06,1.5109082181826764e-05,0.0010954004196363266,1.782542345610801e-05,3.074250737469684e-06,0.00916233889601836,1.8525625463337562e-05,8.688136883589425e-05,7.343080281014018e-06,9.980120969170398e-06,1.0158411455948273e-05,3.109303163598214e-05,5.34747071621898e-05,1.3534010040296275e-07,0.005585045377016522,1.1896903853150447e-07,4.737136770784049e-05,7.25440875681461e-08,0.00013042985680398588,8.081119970466593e-06,0.0002536202905867119,7.87463470903548e-05,4.574187558449854e-05,0.0008008589037331638,7.495659032866651e-07,3.944366048181064e-05,0.0003674691321203563,0.00018015631745345,2.6009679617617826e-05,2.46202439875884e-06,1.5610783319038907e-05,6.965767855507408e-06,2.3144592958001372e-05,Treat
95,0.00016826771187456022,1.7135777002250746e-05,1.161465357766967e-07,6.6717164557943645e-06,0.00024938173825816534,7.577665321896945e-05,1.9874692178840005e-05,7.676054248117796e-05,0.0008287912200221084,0.18580235617050003,0.00043352111243808876,0.770823213689068,0.0002708014595109787,0.00041268601613726833,5.7376761519831346e-05,0.0062477594883461,9.726660306605432e-05,6.6717164557943645e-06,0.003067434870266753,0.00011306803677714601,1.3554118694403267e-05,3.4278974089596317e-08,4.747122022811587e-05,1.0187821300397066e-06,4.942093692379979e-06,1.109611789490006e-05,8.286974124039289e-06,1.28125968949197e-07,1.9102177641853302e-05,1.4396861825661487e-05,7.65491677559561e-06,2.703800879453496e-05,1.0744974923542432e-05,1.629303387099246e-05,0.00021173921172863057,1.1447260866257688e-05,3.596736552768193e-05,2.5563208314833068e-05,1.980446358456849e-05,4.410355720251419e-05,4.539702100422173e-06,9.514438723344213e-05,0.0,8.989260066754483e-06,1.2115952714952822e-07,0.0004402392889587679,1.6222805276720948e-05,0.0,1.1657946649072225e-05,0.005514678659026121,1.2570918374601959e-05,0.0007056925960907977,0.0035448028145095194,5.828973324536108e-05,1.7065548407979232e-05,1.193886102615828e-05,0.0,1.4467090419933001e-05,2.387772205231656e-05,0.002858738985145986,0.0,1.8734004085879788e-05,1.587166230536339e-05,1.6422555409383796e-08,6.504376870695333e-08,3.5605897295660295e-05,1.0393831952184866e-05,0.0,0.0,7.074073981405843e-06,1.5028919174105164e-05,0.001139154512329905,1.805250183777176e-05,3.2516166076635844e-06,0.008796303152661578,1.6714405436621602e-05,8.750482846231337e-05,6.741945050065877e-06,9.761774603741189e-06,9.761774603741189e-06,2.837235208569383e-05,5.46378463432421e-05,1.4106091747772066e-07,0.005024486363089481,1.2392947457038065e-07,4.68424723791034e-05,7.375729567646099e-08,0.00013062518534502616,9.761774603741189e-06,0.00024699396605293387,8.286974124039289e-05,4.614018643638819e-05,0.0008372042599524664,7.534563032104683e-07,4.052189889466665e-05,0.00035865743094464956,0.00018385845980283737,2.6054808474733705e-05,2.120658763935001e-06,1.530983355119122e-05,6.390802078708251e-06,2.3667036269502012e-05,Treat
96,0.0001649139861114975,1.699196750425559e-05,1.1622322708158667e-07,6.5992969305940845e-06,0.000252581979558368,7.756862495901238e-05,2.1235071012222763e-05,7.515615601293035e-05,0.0007970474713818949,0.1870576932050041,0.0004281721615931377,0.7682637202874247,0.00026537972723562355,0.0004277224153541315,5.885595188470574e-05,0.006324361619592594,9.729807859744072e-05,7.205454574589385e-06,0.0031747868406982274,0.00011107349989404358,1.1947171628423646e-05,3.2109625300007884e-08,4.506508049044147e-05,1.0396979793236866e-06,5.071974093325863e-06,1.1194362941526274e-05,6.794831654463553e-06,1.16010018705152e-07,1.8155399111278855e-05,1.3648323726087919e-05,7.694291384263057e-06,2.7472628703658352e-05,9.121694868510023e-06,1.7373260215801043e-05,0.00021119705525139755,1.0656642450885264e-05,3.310020688028179e-05,2.3649924852010487e-05,1.8693119601919855e-05,4.767136567937295e-05,4.426393191765363e-06,9.523585660074896e-05,6.501529568659349e-06,1.0373117101274546e-05,9.94888642368927e-08,0.00044462690165256234,1.70995116023838e-05,0.0,1.123346988630013e-05,0.005132839239991984,1.1106372315785017e-05,0.0007266646512294151,0.00383627066087094,5.9022156399994835e-05,1.6767102571805745e-05,1.186895773887587e-05,7.635630967102175e-06,1.4440239357759208e-05,2.3757468950138697e-05,0.002913401940145715,0.00024311714146897016,1.9443106196788793e-05,1.5633001173362854e-05,1.6781428098139157e-08,6.868268970038025e-08,3.548955238230598e-05,1.1135702524365395e-05,6.638403875368003e-06,0.0,6.76243297243728e-06,1.55254570752347e-05,0.001161911103681711,1.761021697116341e-05,3.2154997251433524e-06,0.00906514639886012,1.814562237508537e-05,8.582019030630332e-05,6.814385126850511e-06,9.405220218120744e-06,1.0177582377405075e-05,3.1921043671688405e-05,5.3195221628685085e-05,1.3487875117425357e-07,0.005672640263248854,1.1886368572727728e-07,4.720208234208631e-05,7.360272925103212e-08,0.00012985461012170486,8.368886181612652e-06,0.0002504702045405773,7.933821421003088e-05,4.5246735103391746e-05,0.0007964232998798528,7.415938835445375e-07,3.891141005002142e-05,0.0003670186767029658,0.00017986261575131735,2.6055001955604797e-05,2.4587258608173254e-06,1.598496367632787e-05,6.9512594335591006e-06,2.340550644717368e-05,Treat
97,0.00016640511381662106,1.8282063071346443e-05,1.1709567942666693e-07,6.800281738458923e-06,0.0002523873111091234,7.875815912523784e-05,2.0804422766620498e-05,7.353207239105241e-05,0.0007819927474646477,0.18710666117373495,0.00042746934227748737,0.768046220193836,0.0002630821162170856,0.0004344297059715129,5.8700354828418164e-05,0.006387669000298813,9.875542678937024e-05,0.0,0.0031034821192557913,0.00011112507873499411,1.2238489241469787e-05,3.184977145726577e-08,4.596704351763381e-05,1.0441402306298542e-06,5.0306457654596565e-06,1.1189187608235803e-05,7.395558626543599e-06,1.184057167015152e-07,1.7313476948361195e-05,1.3751905058634196e-05,7.56707908582218e-06,2.8916331546621905e-05,9.080494902986654e-06,1.7162135366644776e-05,0.0002120093771071764,1.1189187608235803e-05,3.370161453628612e-05,2.3518481798735447e-05,1.834259970403301e-05,4.716812630162513e-05,4.480494042299401e-06,9.962956013930784e-05,0.0,1.0674626230399862e-05,1.0239897522170693e-07,0.00042661387225218,1.6960346591022846e-05,0.0,1.1229545363360139e-05,0.005046055132197135,1.1875269445350328e-05,0.0007404539468182683,0.0040280677591816244,5.930572115528395e-05,1.6849362764430766e-05,1.2208220925126504e-05,7.4258269428868806e-06,1.3751905058634196e-05,2.4063311492914605e-05,0.0030186647086561037,0.00023187495128605806,1.9012561893054637e-05,1.5083710977738913e-05,1.7220878131823542e-08,7.237061389386548e-08,3.620090634657342e-05,1.03517641894048e-05,6.467330258682746e-06,0.0,6.772937474078824e-06,1.5446930773858376e-05,0.0011358796345728966,1.702705517113882e-05,3.1379305095770214e-06,0.009118522017356051,1.8302241948908677e-05,8.667836856839832e-05,7.012159952861905e-06,1.0099528219877356e-05,1.0109617658658473e-05,3.188262654826423e-05,5.310071630490971e-05,1.356792180896458e-07,0.005645290868630194,1.2220301161646072e-07,4.682508538306783e-05,6.959902972884293e-08,0.00012968964609221182,8.031193269752607e-06,0.0002514389038637002,8.099801453464116e-05,4.526122237199791e-05,0.0007954066925018318,7.459213807102273e-07,3.84306723171957e-05,0.0003649955373449391,0.00017819966775172252,2.6081199249133905e-05,2.57601826022824e-06,1.586059776388335e-05,6.457240819901629e-06,2.2509537920625792e-05,Treat
98,0.00016655911999536078,1.686414862355635e-05,1.1671100375538834e-07,6.705822877870827e-06,0.0002529139425999497,7.751834673311876e-05,2.117374136415025e-05,7.480767556444698e-05,0.0008066432134094261,0.18575335694826503,0.00042970381847108965,0.7697537300159994,0.0002639776449718106,0.0004312740904694656,5.87106562853732e-05,0.006299457546222567,9.866190887639684e-05,7.086081060864385e-06,0.003175703588066544,0.00011177176242341361,1.2548520038788019e-05,3.1519146189487914e-08,4.5816665640693006e-05,9.783269942470993e-07,5.207193613679407e-06,1.0707587565565144e-05,6.832575605535348e-06,1.1488180534910146e-07,1.7654844210416014e-05,1.4105767835809296e-05,7.061937684166393e-06,2.8452969438598697e-05,8.66747223458372e-06,1.820410603029564e-05,0.0002123772131239998,1.085244782575316e-05,3.353858216816528e-05,2.3340609422796204e-05,1.7920421354094117e-05,4.728480326304242e-05,4.464996922119245e-06,9.795422804841845e-05,0.0,1.0731730942263138e-05,1.0112132986811845e-07,0.0004443981964650852,1.6773610960938884e-05,1.1029886808107155e-08,1.0882627046625649e-05,0.005253294470692959,1.122063432039772e-05,0.0007435596725251488,0.004014169774757724,5.965224797659544e-05,1.6870184467730854e-05,1.1975114842210402e-05,7.743988075885036e-06,1.3816047315433272e-05,2.45839933227434e-05,0.002931734506336846,0.0,1.9362565060239747e-05,1.5095646280427519e-05,1.6762759897289505e-08,7.332717666222196e-08,3.476646244512697e-05,1.0737766786437634e-05,0.0,6.597177682729803e-06,6.637091458352931e-06,1.5174112254696055e-05,0.0010924692479271194,1.7606543860368572e-05,3.0644497117007367e-06,0.00900813749548064,1.820410603029564e-05,8.602285117499116e-05,6.760145475441374e-06,1.0007429641323013e-05,1.0466153798585103e-05,3.191754399476238e-05,5.380955081567826e-05,1.3546125899933218e-07,0.005540241681681206,1.1892690354411093e-07,4.740552014653246e-05,7.217953468270368e-08,0.00013036216248087727,8.214783921496125e-06,0.00025421768494164176,7.945585271313406e-05,4.517829364614153e-05,0.0007829290056034046,7.466310828619136e-07,3.914848531581485e-05,0.00036712418606986116,0.00018068903120786812,2.6032595924623718e-05,2.387081009858382e-06,1.5832019269716645e-05,7.01365093077041e-06,2.3394932020366683e-05,Treat
99,0.00016646185515662874,1.6658423382688285e-05,1.1812935944049982e-07,6.778584393851515e-06,0.000251353849320226,7.80895310048183e-05,2.1308812852358323e-05,7.455852097187937e-05,0.0007920902027440215,0.18683252653000648,0.0004274089982865594,0.7685975325802139,0.0002633230802402369,0.0004331527366155092,5.9538715501609687e-05,0.006314905834785039,9.851781440046757e-05,6.912902446569826e-06,0.0031367517334689957,0.0001112272870332375,1.241695776240516e-05,3.1839925636600494e-08,4.5751579507910595e-05,1.0105637014217911e-06,5.035420629217541e-06,1.0799171438553379e-05,7.19944762570221e-06,1.1816069196624804e-07,1.7303150035736293e-05,1.3825804893139592e-05,7.12482648530317e-06,2.8203806225232375e-05,9.151536658541934e-06,1.7765801106210493e-05,0.00021174793284201571,1.0608141319131728e-05,3.319805508477275e-05,2.3586250057337942e-05,1.8335906618859393e-05,4.729786363054629e-05,4.436991489211912e-06,9.705151358236785e-05,0.0,1.0709626070074507e-05,9.687505908909662e-08,0.0004460294729348569,1.6482317491346526e-05,0.0,1.131853457573086e-05,0.0052515532354563,1.1488670775840762e-05,0.0007442382409499523,0.003950490101387903,5.8888019157329825e-05,1.6741999059935235e-05,1.197520061124271e-05,7.459129194290983e-06,1.3819835201907667e-05,2.4263810012161486e-05,0.002931407512474516,0.00023933409085831307,1.905847837080047e-05,1.5007803757060906e-05,1.6715759309912645e-08,7.187650353815929e-08,3.458540615216083e-05,1.0670823077066926e-05,6.524872516494664e-06,0.0,6.64605607474191e-06,1.5154061192243056e-05,0.0011174071147359548,1.7508094008043777e-05,2.9946454336550013e-06,0.009050282659194138,1.8297103625851882e-05,8.65605228629207e-05,7.086023492295654e-06,1.0044005497714741e-05,1.0044005497714741e-05,3.17408482801483e-05,5.366752417501088e-05,1.3400444375787937e-07,0.005426851268089558,1.1758926008982173e-07,4.70322123707256e-05,7.341183099466703e-08,0.00012952140581347309,8.160567914042272e-06,0.0002537506803498445,7.914318150725303e-05,4.5330850369626855e-05,0.0007787959338578774,7.443366381781154e-07,3.915818963581575e-05,0.00036674798083334727,0.0001793951912105952,2.6230823273080972e-05,2.4799734340991164e-06,1.581968176460276e-05,6.835296460554795e-06,2.2795265969107782e-05,Treat
100,0.00016628066293830507,1.72310018711615e-05,1.174389391954569e-07,6.903031017596625e-06,0.0002512331230985547,7.760760858185354e-05,2.1144269695381312e-05,7.361010298707307e-05,0.0007885212276470652,0.18593387355212143,0.00042758264408033174,0.7692459937089715,0.00026160760137957224,0.00043474174944574786,5.871562715881618e-05,0.006361495622198795,9.862896579039603e-05,7.012655668020393e-06,0.003129563340504447,0.00011111621006139975,1.2566971289493744e-05,3.223378675045232e-08,4.567107267936976e-05,1.0112420425028887e-06,5.00813225183295e-06,1.0660166763940071e-05,7.032587422642926e-06,1.1767715057347135e-07,1.7480148803942928e-05,1.3437324574676748e-05,7.261802600801824e-06,2.810709597684547e-05,8.766650074801464e-06,1.7593095413470462e-05,0.00021040292375433916,1.0696708314081371e-05,3.3228659723714956e-05,2.3805158937486686e-05,1.8250843316013338e-05,4.702233111360919e-05,4.498896466908243e-06,9.796572125813801e-05,0.0,1.0384444158328703e-05,9.465267435406102e-08,0.0004406858870769528,1.6732708005598696e-05,0.0,1.1434183235114308e-05,0.005174095514622137,1.1583671394783142e-05,0.0007395022316548842,0.0040014876528597166,5.9223886901690204e-05,1.6785859351258765e-05,1.2052067628412177e-05,7.623896143110794e-06,1.3872501217268251e-05,2.4230369702766888e-05,0.002972946475870471,0.00024685715014576194,1.9415938012004506e-05,1.4563468710848656e-05,1.7378370083519018e-08,7.279355547523392e-08,3.4578272310954364e-05,1.0530610358893771e-05,6.491108088731357e-06,0.0,6.762502491461606e-06,1.530094363188159e-05,0.0011555800071195532,1.7579634903526172e-05,3.044342661754045e-06,0.009075444466700222,1.83172824980884e-05,8.753694434296828e-05,7.2485147643868255e-06,1.0055570207057206e-05,1.0042282370642203e-05,3.147556250805001e-05,5.310483823257913e-05,1.3455471029442146e-07,0.005566563156151876,1.1771827839392759e-07,4.722829257804187e-05,7.277474089575648e-08,0.00012945674627321484,8.354727145936198e-06,0.0002528243415092517,7.922540266538098e-05,4.503247761046183e-05,0.0007793011249222116,7.465155974540784e-07,3.92290150562071e-05,0.00036746182822062866,0.00018001696383231964,2.5821588113464123e-05,2.45239370400567e-06,1.568296892881309e-05,6.8498796719365574e-06,2.3074327934661217e-05,Treat
101,0.00016450673253492912,1.7055579411547413e-05,1.1751059491500495e-07,0.0,0.0002521246454383802,7.878254379527752e-05,2.086715161384514e-05,7.557318553785154e-05,0.0008125319073930284,0.18464102928743714,0.00042516519864775767,0.7702605074451381,0.0002635834859199715,0.0004316443798993013,5.839183870671928e-05,0.006356101026944765,9.754488734171459e-05,7.3095340335202935e-06,0.003222471429211197,0.00011147039401118497,1.2737405840589896e-05,3.0783636122004306e-08,4.61123608532031e-05,1.005092394695029e-06,5.059586638902782e-06,1.1054765580398311e-05,7.502525031105011e-06,1.1470168345385235e-07,1.77129549970703e-05,1.381091826465474e-05,7.194945628704382e-06,2.784498237026679e-05,8.76902845275457e-06,1.739331365732063e-05,0.00021221772571907026,1.0409451932224465e-05,3.3757497170361204e-05,2.3436344269191426e-05,1.852713576813073e-05,4.718629890945795e-05,4.532901712711051e-06,9.960129708425273e-05,0.0,1.0469761618969712e-05,1.0193380450896231e-07,0.0004377625417119123,1.682037163324107e-05,0.0,1.1169353985214226e-05,0.0052750855812414435,1.1488995324963891e-05,0.0007391921897540812,0.004000219254073614,5.854261292358232e-05,1.6862588413962698e-05,1.209209219241605e-05,7.128604973284679e-06,1.3871227951399923e-05,2.4527949599279832e-05,0.0029755777252938884,0.0002452886753771092,1.8903471830909767e-05,1.5029173936908157e-05,1.7796045875869764e-08,7.344621357481682e-08,3.4756472471268676e-05,1.0499916462342304e-05,0.0,6.422981638365646e-06,6.697551244483556e-06,1.5348815276657758e-05,0.001111926924072712,1.7951807545710194e-05,3.056197068512802e-06,0.009150936274948453,1.881662226450774e-05,8.77083774335692e-05,7.267317252798666e-06,9.673673753932837e-06,1.0602442929809178e-05,3.1988257849663224e-05,5.276494493339052e-05,1.3315785668642464e-07,0.005590911333869547,1.1914182445534737e-07,4.703552469259487e-05,7.013465827055195e-08,0.00013082980345639986,8.214179334698561e-06,0.0002548084264985425,7.899362769888535e-05,4.5370977338426905e-05,0.0007938512975352928,7.452306852658474e-07,3.912289379162241e-05,0.00036806398723738593,0.0001787639424814983,2.573414333418415e-05,2.415052178318253e-06,1.5686549522430983e-05,6.8270565395585685e-06,2.2869433213786385e-05,Treat
102,0.00016528418407065694,1.7232843938897563e-05,1.1712597912420526e-07,6.6749316869107825e-06,0.00025067248531016853,7.849651898003122e-05,2.057369807254929e-05,7.393298343187452e-05,0.0007902167372264365,0.18601927920463432,0.00042774114268390965,0.7691679158132528,0.0002633108077427456,0.0004321866248414237,5.9118887346811655e-05,0.006336517483876475,9.752515672302132e-05,7.132350863424948e-06,0.003166951445572873,0.00011194233150870947,1.2265610510973105e-05,3.2195930370725e-08,4.5662263030430015e-05,1.0500114022291751e-06,5.091042446282908e-06,1.0771374534360083e-05,7.000207545765301e-06,1.1696057439639306e-07,1.7395481868324822e-05,1.3952979028780993e-05,7.4982862046363295e-06,2.823462220661289e-05,8.809554510643655e-06,1.71108654918271e-05,0.00021075503850636351,1.0415604063737886e-05,3.343145188659861e-05,2.3711254794417028e-05,1.815784716251514e-05,4.6443293722074e-05,4.472951405969346e-06,9.655987067009809e-05,0.0,1.0700220440235607e-05,9.93284103596266e-08,0.00044251459487286855,1.6856743727096994e-05,0.0,1.136432531873033e-05,0.005156217414832096,1.1774308432494886e-05,0.0007386450652854597,0.004013492999039347,5.9247642374274925e-05,1.6934674401614222e-05,1.1892898589368907e-05,7.688030455634767e-06,1.3946202448388184e-05,2.4331311900358457e-05,0.0030010728503121068,0.00023717037555485258,1.9183675377051237e-05,1.4742450644542492e-05,1.7031060222654937e-08,7.154291608659875e-08,3.5482174936715494e-05,1.0639231216700377e-05,6.363208988841819e-06,0.0,6.638678014666923e-06,1.5382837491662347e-05,0.0011149871009622546,1.7886475876332536e-05,2.9980196866901e-06,0.009070089758537464,1.8401804056656e-05,8.77905989887604e-05,7.112021122246516e-06,9.873477632313687e-06,1.022247152254301e-05,3.134168431671294e-05,5.376538883649746e-05,1.3430211894327882e-07,0.005578247324250206,1.1616681987877028e-07,4.671774522798254e-05,7.16074897931055e-08,0.00013016116789475954,8.16239108313099e-06,0.0002535898031692703,7.977390438407487e-05,4.556572656120605e-05,0.0007773103959821803,7.466742009278828e-07,3.957861778416479e-05,0.00036641647841924047,0.00017999614010343157,2.601190383777354e-05,2.4425690909856397e-06,1.5941905374068602e-05,6.908723710462457e-06,2.340630867674088e-05,Treat
103,0.0001646721757243717,1.7584060745633356e-05,1.1725036055028152e-07,6.919714150459567e-06,0.00025133553989067627,7.822484804526178e-05,2.0726409650288634e-05,7.461633564109278e-05,0.000805990483138165,0.18803118962561452,0.0004301286460053421,0.7670347103861813,0.0002646577899343709,0.00043950421076057854,5.965880326692364e-05,0.006441177015993007,9.908873546012932e-05,6.9262607106776315e-06,0.003058443959977688,0.00011179560884332875,1.2543209377748898e-05,3.2371621864532544e-08,4.5988288966962244e-05,1.0349345352315496e-06,5.069178437761297e-06,1.09785814856393e-05,7.652928894879173e-06,1.1635560536750834e-07,1.8035773400677586e-05,1.3682310855686412e-05,7.109564396782548e-06,2.8058557094484233e-05,8.634912927583956e-06,1.825835644809064e-05,0.00021204963202226773,1.0500682589723003e-05,3.4329125127074734e-05,2.3862211994725847e-05,1.8114332123293978e-05,4.6709707155656775e-05,4.460515334136449e-06,9.880990911039395e-05,0.0,1.0998221166293427e-05,9.705981894402067e-08,0.0004446065869356807,1.6333667743989325e-05,0.0,1.1148792051308147e-05,0.005086837211996415,1.163978406766051e-05,0.000749831850687909,0.004166187948903416,5.92791027742778e-05,1.7309105216476048e-05,1.1914739596817822e-05,7.6071029733529096e-06,1.4022731987024114e-05,2.388839823559797e-05,0.0030003139960092227,0.00023825633019267185,1.9097839126949594e-05,1.4893424496022314e-05,1.7392010449993586e-08,7.140434763207748e-08,3.5253226774101175e-05,1.0900022763022904e-05,6.5072808567236e-06,6.5072808567236e-06,6.540422497810045e-06,1.5613546120005793e-05,0.001090282920911081,1.79866185045346e-05,3.0206358294760408e-06,0.009126652379225645,1.8611870699864335e-05,8.739657891072417e-05,7.129204077436615e-06,1.0199540819693498e-05,1.039593762623448e-05,3.169189801549187e-05,5.33217329758689e-05,1.33305592108963e-07,0.005510196276147483,1.1818748380273199e-07,4.687337116110762e-05,7.078637980571262e-08,0.0001306693419519146,8.189746832757792e-06,0.00025374467405091185,7.965199817279273e-05,4.532838294965208e-05,0.0007943601511178405,7.554820141630141e-07,3.9776899884761136e-05,0.0003689903201291435,0.00018088145882421845,2.6487382642156627e-05,2.5152987106668827e-06,1.559390643935172e-05,6.834608867625174e-06,2.2965333244855513e-05,Treat
104,0.0001654752087243011,1.7090195321012054e-05,1.1645977489111629e-07,0.0,0.00025482750163881854,7.722986368997589e-05,2.115350400317999e-05,7.7123326894695e-05,0.0007664128275285547,0.18427283072366982,0.00042961727179400313,0.770900877159814,0.0002648710287469016,0.00043974354525265654,5.876273320092051e-05,0.00650626394055244,0.0001004757691740068,7.141163763677253e-06,0.0031627148038275714,0.00011163974352667399,1.2581407613888806e-05,3.178669080542288e-08,4.611194696333431e-05,1.0084507448065924e-06,4.889270223169126e-06,1.0597001048178853e-05,6.99267075535877e-06,1.1160973345714083e-07,1.8170144472418763e-05,1.4133834519036023e-05,6.99267075535877e-06,2.8510657597138567e-05,9.166068422564923e-06,1.76571686255006e-05,0.0002128714771066655,1.1015481344348983e-05,3.389528538895456e-05,2.297591819617892e-05,1.788665782017453e-05,4.904319083825964e-05,4.5644900053436185e-06,9.389051094409005e-05,0.0,1.0866988336030562e-05,9.716015572491255e-08,0.0004646093823937789,1.65367213809161e-05,1.1172925850858543e-08,1.0691496598926956e-05,0.005075395599208309,1.1393463547341324e-05,0.0007466865616050536,0.004101995395873105,6.015316773335671e-05,1.663121693166414e-05,1.220342541089646e-05,7.748635161343522e-06,1.429582689174704e-05,2.37453819665562e-05,0.002854208081930963,0.0,1.851312466510148e-05,1.5672762059790653e-05,1.7410936383489994e-08,7.554844399918233e-08,3.37889090746391e-05,1.1001981979956386e-05,6.682185374329338e-06,6.871176475825543e-06,6.680557762416503e-06,1.5564767144649954e-05,0.001155547534073948,1.7576598500091435e-05,3.017371027109702e-06,0.009225020880700775,1.8804614598870293e-05,9.07292280825608e-05,7.2356593144252915e-06,1.0205519480793915e-05,1.0138022658831002e-05,3.2384975177810295e-05,5.243153130079838e-05,1.2957170118845164e-07,0.005578301927583931,1.2173850524646608e-07,4.8557213720126594e-05,7.121048229003271e-08,0.0001300258778293745,8.126617364335863e-06,0.00025482750163881854,7.918727152690091e-05,4.577634465525417e-05,0.0007672802313659278,7.489956881137866e-07,3.8378692968117856e-05,0.0003722314737611261,0.0001799465273531522,2.5905280269369758e-05,2.506643372792908e-06,1.537577604315382e-05,6.817179018255225e-06,2.2989417560571514e-05,Treat
105,0.0001649499263302131,1.7348117109598136e-05,1.172053753859776e-07,6.674665508372253e-06,0.0002543513582632981,7.91714547293752e-05,2.0903428804936054e-05,7.502827151087527e-05,0.0008175237190662905,0.18528695689231106,0.0004294335470994629,0.7703132061819532,0.0002642130262216138,0.0004303837597024507,5.939550320625845e-05,0.006258549859143965,9.727122336018583e-05,7.569130818615815e-06,0.003118320461334091,0.00011111664438093129,1.2191787674076314e-05,3.1471020491524634e-08,4.551228405858073e-05,1.0646377174893939e-06,5.074657838565706e-06,1.0530637812195404e-05,6.975326116857484e-06,1.1449457852580894e-07,1.705497301632504e-05,1.2928406164865191e-05,7.088073845039431e-06,2.842746053227913e-05,8.523728250556453e-06,1.7746492415841113e-05,0.0002129353594444563,1.0365274477528515e-05,3.437351275903567e-05,2.3804803676818567e-05,1.805466953953848e-05,4.7526925686303725e-05,4.483138731477921e-06,9.717100389403837e-05,0.0,1.0485538720922596e-05,1.0222128394890273e-07,0.00043479996505098843,1.7122621653234243e-05,0.0,1.064338554037735e-05,0.005111223999847647,1.1522817820196705e-05,0.0007325144363387496,0.0039350591391901744,5.980139502771352e-05,1.7145171198870584e-05,1.1928709641651752e-05,7.185788542797173e-06,1.4146081629230391e-05,2.393258443542484e-05,0.002984095201957919,0.0,1.9112590112882417e-05,1.458203951153397e-05,1.7504459017848016e-08,7.20598325773517e-08,3.4448189217195975e-05,1.0711034177286557e-05,0.0,6.704731569220788e-06,6.631301443182609e-06,1.6040243462687397e-05,0.0011793925769069949,1.8145372089681976e-05,3.1633650083104246e-06,0.00901211001681366,1.8776254999903024e-05,8.762001782781012e-05,6.749830660493528e-06,1.0380307507952786e-05,1.0087163414679688e-05,3.185499146901084e-05,5.2826068910856024e-05,1.3391566228407144e-07,0.005610381979520996,1.19678187686876e-07,4.696318704539392e-05,7.061711378614704e-08,0.00013011839483719804,8.245617187707622e-06,0.00025500529508675347,8.065220822616469e-05,4.515922339448254e-05,0.0008064482507135972,7.54746832292188e-07,3.928130849859617e-05,0.0003675651103884136,0.00017880286386616996,2.633035278809457e-05,2.488229039598349e-06,1.6122925130020804e-05,7.095590360251565e-06,2.266229336457471e-05,Treat
106,0.000165873887195825,1.6873024305906526e-05,1.1825700009309223e-07,6.649151747512565e-06,0.0002527917698785833,7.881917309446929e-05,2.1405565046976205e-05,7.50386908713775e-05,0.0007850296835042089,0.18622218448297193,0.00043170740165956187,0.7687705861698299,0.00026676140252110614,0.000437132182649231,5.965422252704058e-05,0.006344225444304412,9.784301626146845e-05,6.935642530202867e-06,0.0032027355602146364,0.00011266784527023094,1.2545730692734369e-05,3.199917803720518e-08,4.571868654116286e-05,1.0188582759844954e-06,5.077427045284683e-06,1.091230563321683e-05,7.1579935854251545e-06,1.1627439308494266e-07,1.7989055563849193e-05,1.3939700769704868e-05,7.406000531634623e-06,2.806754473998243e-05,9.065081482139348e-06,1.7522973544248617e-05,0.00021286265153885813,1.1087620888295927e-05,3.348850799624854e-05,2.3911290400058125e-05,1.8647556765853635e-05,4.722394334374859e-05,4.490116500348364e-06,9.72982632252317e-05,0.0,1.083961394208646e-05,1.0016575017477513e-07,0.00044605476201064705,1.6855920378581762e-05,0.0,1.1416871489298116e-05,0.005214106125056455,1.1656326471845234e-05,0.0007357844929722106,0.0039652179932921075,5.917958854377764e-05,1.6176039267421314e-05,1.2212204109900947e-05,7.380344640647439e-06,1.368741784166416e-05,2.4236265019229133e-05,0.0029615619813839135,0.0002433509645234898,1.9398365501271372e-05,1.5004420245673109e-05,1.684391067011983e-08,7.132744656124738e-08,3.483214799693731e-05,1.0732714396306492e-05,6.452456583277459e-06,0.0,6.667307258137423e-06,1.5526090029079223e-05,0.00113378370264546,1.7698002080845132e-05,3.0488912199008362e-06,0.009179197776316853,1.8262718401045845e-05,8.736258479320265e-05,7.0596460033076e-06,9.945933739366077e-06,9.997245521340444e-06,3.196724017003478e-05,5.35310165447653e-05,1.3502642029785233e-07,0.005589629299068485,1.1783948722552326e-07,4.685620890626556e-05,7.064896096794634e-08,0.00013091773572578293,8.115813515613427e-06,0.0002540617364824485,7.988816855226834e-05,4.6167775831442696e-05,0.0007894985118718456,7.595315292787445e-07,3.919364946475913e-05,0.00036820479548444287,0.00018134866544293045,2.6156180861436987e-05,2.456165939090075e-06,1.5628713593027953e-05,6.815915038929311e-06,2.2991954306350625e-05,Treat
107,0.00016558083496405257,1.6999192281104726e-05,1.1659703887649658e-07,6.7141558215308e-06,0.000251957136784282,7.885944804014666e-05,2.1485298628898474e-05,7.569603150727716e-05,0.0007953510119899232,0.18708974707692566,0.00042578250498616994,0.7686005209163529,0.0002633524470556849,0.0004323279974132722,5.961720258514535e-05,0.006335450616573432,9.829674159722648e-05,7.299300127764754e-06,0.0031863373153931808,0.00010975206666926836,1.2235517480353853e-05,3.199843415928209e-08,4.5334075819171305e-05,9.922944501256408e-07,5.08457630096867e-06,1.0735147464369342e-05,7.029233524887555e-06,1.1839886002179925e-07,1.7711868038697417e-05,1.3255769091223308e-05,7.014229824727702e-06,2.846952105330647e-05,8.972212695587495e-06,1.7951927241254913e-05,0.0002101943373893529,1.0367556810453108e-05,3.4340448600137235e-05,2.334575744871929e-05,1.857458079788849e-05,4.780178870926714e-05,4.452392948648563e-06,9.662355294089838e-05,0.0,1.0847675215568163e-05,9.656180537717172e-08,0.0004526533283812434,1.678163862878701e-05,0.0,1.1350299170922998e-05,0.004954752655328891,1.1470328772201746e-05,0.000721714139462999,0.0039730488518085,6.0284867242258435e-05,1.74267977356603e-05,1.2017963828036071e-05,7.17176867640608e-06,1.3690876395858875e-05,2.415595725735095e-05,0.0029701896982234828,0.0,1.8908535841377328e-05,1.4876168708486637e-05,1.775967012173833e-08,7.191923990350914e-08,3.528870277595617e-05,1.0697638213969714e-05,0.0,6.5491151197724974e-06,6.649233895821209e-06,1.4988696459685455e-05,0.0010722737467467292,1.7998179541442534e-05,3.0446073164326664e-06,0.0091863102743005,1.8064454992453736e-05,8.881440309620405e-05,7.006727974647777e-06,9.692390303260043e-06,9.714895853499822e-06,3.175533138831261e-05,5.354070402040799e-05,1.3388763923086063e-07,0.005482705691909589,1.1506060901345287e-07,4.735917955455172e-05,6.997795854577334e-08,0.00012995454893450036,8.222027687595238e-06,0.0002542301973584992,7.933206459518224e-05,4.580629658800773e-05,0.0007889050874643972,7.413732481826878e-07,3.924967961815531e-05,0.00036696049850949665,0.00017618845097706323,2.640651228132772e-05,2.4428018806931772e-06,1.5498822265120213e-05,7.366816778484023e-06,2.2513052089847917e-05,Treat
108,0.00016353131121266967,1.5083325573026151e-05,1.1424958411223905e-07,0.0,0.00025480296968014406,8.095887307568467e-05,2.1888360831554236e-05,7.5501806630344e-05,0.0007428928376623089,0.18560765636220528,0.00043068156136189515,0.7704681623317423,0.0002663785451199079,0.0004284953076128875,5.864958222813888e-05,0.006179155033498272,9.702436868602398e-05,7.3662752798499975e-06,0.003010082374026272,0.00011042397419508442,1.3189140501064715e-05,3.235022150120954e-08,4.646587928117687e-05,9.85660559899917e-07,4.852667243189721e-06,1.1014335418442348e-05,7.43643028251523e-06,1.229126714468076e-07,1.7398440660978984e-05,1.4732550559699934e-05,6.454260245201863e-06,2.8272466074090874e-05,9.541080362472362e-06,1.8240300692961824e-05,0.00020892159793707828,9.821700373133288e-06,3.370394367601504e-05,2.3151150879528464e-05,1.817014569029659e-05,4.5600751732404614e-05,4.597557660162288e-06,8.969005646373794e-05,6.8050352585280825e-06,1.0803870410446657e-05,9.928452654970458e-08,0.0004465699058167681,1.7258130655648515e-05,1.1347364845642825e-08,1.1505420437099035e-05,0.0048599457240822075,1.1294955429103276e-05,0.0007590811369875351,0.004181687144711617,6.131547232941785e-05,1.7117820650318055e-05,1.2417435471747104e-05,7.57674028784569e-06,1.3329450506395178e-05,2.3080995876863236e-05,0.0031665154212526664,0.0,1.7634697609290722e-05,1.290852049040379e-05,1.725098284689933e-08,7.949143802306284e-08,3.3534091273983666e-05,1.0523250399785666e-05,7.50658528518046e-06,7.225965274519471e-06,6.815625233526524e-06,1.5644565594348067e-05,0.0011604946849025789,1.920968822269684e-05,3.270610725358677e-06,0.009466280648111279,1.929262573294042e-05,8.43263132036158e-05,6.8050352585280825e-06,1.066356040511613e-05,9.962010378463751e-06,3.1639906202022296e-05,5.556276211086837e-05,1.2935211960374763e-07,0.004850413380636554,1.101334197559804e-07,4.7915866820357454e-05,6.296291455238659e-08,0.00012985690993335541,8.909685338485217e-06,0.00025227738958419495,8.14499580943413e-05,4.447827168976079e-05,0.0007268079574929242,7.284102071134575e-07,4.054959154050744e-05,0.0003586323736246961,0.00017693091672173019,2.4133320916841835e-05,2.5136672542903093e-06,1.529379058102185e-05,0.0,2.174805082622371e-05,Treat
109,0.00017027795674994794,1.793084647285648e-05,1.1690350219097822e-07,6.801355558669675e-06,0.00025435117247159,7.719050423523676e-05,2.081084631468552e-05,7.647783570891844e-05,0.0008013014629686396,0.1855365468994885,0.0004290548916903376,0.7697770994776091,0.0002661152396221123,0.0004369694607176315,5.864135271159224e-05,0.006481015714637718,9.756202854015173e-05,7.012880970781402e-06,0.0030461756183908385,0.00011023728208130877,1.2691524726704214e-05,3.272606689749781e-08,4.5296314513359226e-05,1.0092125658180692e-06,4.970907566525998e-06,1.034847400792807e-05,7.04542334187552e-06,1.0872853716833738e-07,1.8353897297079936e-05,1.3797965343904054e-05,7.647457207116644e-06,2.8376947594066837e-05,9.502372359481102e-06,1.810982951387409e-05,0.00021202981886369565,1.0885423130980901e-05,3.1563065471618553e-05,2.4618303732696784e-05,1.823999899825056e-05,4.663321777786442e-05,4.532899173450602e-06,9.25222766883045e-05,0.0,1.1292202769657325e-05,9.605653857969452e-08,0.0004434377345818466,1.7979660029497625e-05,1.10312299835348e-08,1.1422372254033793e-05,0.0050338302960597344,1.1210846841922066e-05,0.0007305242857171112,0.004106457271493763,5.781152224869238e-05,1.6743049927921327e-05,1.0820338388792667e-05,7.647457207116644e-06,1.3863050086092284e-05,2.4683388474885012e-05,0.002949352519766461,0.000251851557442725,1.9865954942312956e-05,1.4904405961103888e-05,1.623957146603858e-08,7.470832200318634e-08,3.5259659080471835e-05,1.0999321429810339e-05,0.0,0.0,6.736429658347622e-06,1.6271185547056666e-05,0.0010321993439891023,1.7972902855276652e-05,2.940715320147702e-06,0.009076263643560588,1.6694236371280177e-05,8.77342324697294e-05,6.850169115310884e-06,1.0267118080192746e-05,9.990507925892786e-06,3.1826438930042875e-05,5.306033606895185e-05,1.3599053198009696e-07,0.0055178135100283476,1.2277639828219766e-07,4.746304824076436e-05,7.223879195311236e-08,0.0001291932132436303,8.31457581454594e-06,0.0002528867657723551,8.233219886810681e-05,4.643796355129977e-05,0.0008151397481917133,7.459242739568106e-07,3.8497625004336094e-05,0.00036846099671309843,0.00017914575287309388,2.5741015535443645e-05,2.6106653737461965e-06,1.5994575392756702e-05,6.866440300857909e-06,2.3056269920179304e-05,Treat
110,0.00016709496949096094,1.954605919865732e-05,1.0943349394440629e-07,7.50854713119155e-06,0.00025636325205068285,7.78266869312396e-05,2.0380342213234168e-05,7.591296909643458e-05,0.0008287075536299546,0.19160270886278177,0.0004258418872975774,0.7651145103569519,0.0002632758827428908,0.00042687044591718283,5.863817759597204e-05,0.005632803900710548,9.641927982752294e-05,6.4358975410213376e-06,0.0037892871873480742,0.00011119800751431281,1.299097836983936e-05,3.449515755633854e-08,4.37106207079268e-05,1.1299444056279547e-06,4.0933678845844235e-06,9.534663023735294e-06,6.555080828818021e-06,1.087197771071922e-07,1.787749316950369e-05,1.2871795082042614e-05,7.985280282378286e-06,2.6220323315272022e-05,8.462013433565081e-06,1.5613010701366518e-05,0.0002076172873418358,1.144159562848235e-05,3.1870111507605604e-05,1.9903609062047428e-05,1.978442577425074e-05,4.707739867969299e-05,4.589102149872371e-06,7.959655202861881e-05,7.50854713119155e-06,1.0011396174922025e-05,9.638295490178235e-08,0.00040096385132091795,1.5613010701366518e-05,0.0,1.203751206746583e-05,0.0053164039049297005,1.2514245218652564e-05,0.0007575402617965017,0.003929920310575207,5.673124499122496e-05,1.7400760018316896e-05,1.0368946038312136e-05,7.985280282378286e-06,1.2156695355262514e-05,2.4670940573915082e-05,0.002440018301910692,0.0,1.9157341987606958e-05,1.7043210154926846e-05,1.7239379821217727e-08,7.398092871957795e-08,3.3252137295276845e-05,9.653846311531977e-06,0.0,6.674264116614705e-06,6.247844458815437e-06,1.5374644125773155e-05,0.001416427555411817,1.7538271506986893e-05,3.387058703114668e-06,0.008446578702276183,1.823504303289374e-05,9.15327650278588e-05,6.555080828818021e-06,9.057929872548496e-06,1.239506193085588e-05,2.9676638661376082e-05,5.148718032817058e-05,1.2784821462411926e-07,0.005238521880364207,1.1130454088133389e-07,4.3978633196979026e-05,6.71375822762033e-08,0.00012740693465466315,8.342830145768398e-06,0.00026303751616729725,8.080626912615669e-05,4.552801593833604e-05,0.0007188569232505113,7.102391584087002e-07,3.885375182172133e-05,0.0003683955425795722,0.00017960921470961332,2.753133948103567e-05,2.632045879393214e-06,1.275261179424593e-05,7.985280282378286e-06,2.1929724954591173e-05,Treat
111,0.0001653344469722002,1.707900733433076e-05,1.1777428660903402e-07,7.0307574362174374e-06,0.00025398837550270165,7.790562038122833e-05,2.054912366551103e-05,7.407190116610919e-05,0.0007857395829219978,0.18631474545107843,0.00042941331726748167,0.768817724229469,0.0002633546721044262,0.0004364315460869788,5.982480554954803e-05,0.006390838992151605,9.800212017745469e-05,7.314401727635624e-06,0.003108188401197031,0.00011109200247715932,1.2601048520877242e-05,3.247682586000576e-08,4.509085969790308e-05,9.995575731357301e-07,4.9933820350736585e-06,1.0808657998511115e-05,7.0730023306839576e-06,1.1753064404844915e-07,1.7066937364483185e-05,1.3150232148942306e-05,7.326471697483264e-06,2.8207519533802853e-05,8.690378290260156e-06,1.7429036459910685e-05,0.00021240129439285227,1.0706063254806648e-05,3.440907835626993e-05,2.389854029821548e-05,1.8672243354211806e-05,4.684958796339573e-05,4.495908831667289e-06,9.615536355801552e-05,0.0,1.1062127365310358e-05,9.874804377107778e-08,0.00044082933177836824,1.6765188118293637e-05,0.0,1.1019882470843838e-05,0.0052326976033107864,1.1526821204442327e-05,0.0007468906041025768,0.003989106497500323,5.926355195163538e-05,1.6716908238903265e-05,1.1786325556165356e-05,7.28422680301668e-06,1.3464051364979498e-05,2.4097694800700623e-05,0.0029255368849565155,0.00023626397873052323,1.9287570552232836e-05,1.5232301947650474e-05,1.622206297439122e-08,7.075986874519341e-08,3.508136736200167e-05,1.1031952440691414e-05,6.385014049371691e-06,6.523818702618953e-06,6.7138886517775794e-06,1.56125059978494e-05,0.0011291441801333877,1.735672655734902e-05,2.944536208243471e-06,0.009147444582674361,1.820151453015605e-05,8.667445347549797e-05,6.910057737741606e-06,1.0036179928265746e-05,1.0349999144302938e-05,3.16957408197545e-05,5.3337196756471875e-05,1.3546073947955618e-07,0.005560751125449018,1.1873708882717401e-07,4.662629352121542e-05,7.245736018417497e-08,0.0001294323216605625,8.424838953613334e-06,0.00025520140747238335,7.962559108450899e-05,4.5956410194674524e-05,0.0007682574855664323,7.393443104866703e-07,3.947483638652214e-05,0.00036734953231120656,0.0001796916761059004,2.5865945383371658e-05,2.480578877581485e-06,1.5322826721507367e-05,7.02472245129365e-06,2.3065712378732223e-05,Treat
112,0.00016643340066610957,1.666985935566793e-05,1.1751032789276973e-07,6.758275070617521e-06,0.0002518545169020267,7.8729139387942e-05,2.1190569412101856e-05,7.449357392245633e-05,0.0007882227763269769,0.18572850928002588,0.0004260613841729662,0.7695693292141379,0.0002637467605885211,0.00043495926552607645,5.857862334354405e-05,0.006403398298152018,9.882164448752809e-05,6.832860571090344e-06,0.0031279118488481855,0.00011162548873535609,1.2116000187912737e-05,3.241135489349235e-08,4.5823364308436315e-05,1.0166695172703265e-06,5.036717805438054e-06,1.1030366792142206e-05,7.1643516843027135e-06,1.1597553892526149e-07,1.7291405192941175e-05,1.3802461226380797e-05,7.251368101520957e-06,2.7741662536961692e-05,8.896392750837455e-06,1.7660189056389925e-05,0.00021208387059437012,1.0334235454396204e-05,3.356005510346547e-05,2.3382554398218774e-05,1.846405500593001e-05,4.756897474597763e-05,4.487977867179311e-06,9.665884918878092e-05,0.0,1.0968212208414863e-05,1.0047238025274197e-07,0.0004468915512035284,1.6806599439868035e-05,0.0,1.1324565155118195e-05,0.005057838630319111,1.1428156127997034e-05,0.0007420894077008085,0.0039192170559338695,5.940735112657498e-05,1.6827317634443816e-05,1.2062132882015757e-05,7.537279186666647e-06,1.3906052199259636e-05,2.4144983958607295e-05,0.002919014006679041,0.0002383726355010238,1.910265920117298e-05,1.5107707484654558e-05,1.7191659447448013e-08,7.005885809456572e-08,3.430933021748214e-05,1.0761030262657115e-05,0.0,6.36877301259299e-06,6.675205135433293e-06,1.4991685595030235e-05,0.0011679017507227587,1.7682811946765828e-05,3.2125355395548045e-06,0.009094738702135166,1.8240298504511604e-05,8.825536525388293e-05,7.193357156708798e-06,9.932302479626191e-06,1.0189208092365733e-05,3.144607572711011e-05,5.349023475573386e-05,1.3487992434491612e-07,0.005610720581960752,1.1537935021809088e-07,4.687284340823157e-05,7.228010498678113e-08,0.000130557774938699,8.030372217570086e-06,0.00025346639244002155,7.938383433653623e-05,4.606897745869155e-05,0.0007915259013249219,7.507720884576271e-07,3.886733302415245e-05,0.0003667120439912034,0.00017935326680356203,2.6042770581748217e-05,2.4529799234131583e-06,1.5484778625933673e-05,6.758275070617521e-06,2.324167067510355e-05,Treat
113,0.00016623542264894976,1.696310323898284e-05,1.1831906951441362e-07,6.761328550939081e-06,0.00025214793600486946,7.849956251315751e-05,2.0759251452816897e-05,7.419347526581113e-05,0.0007884504239711867,0.18564818795842686,0.00042876746801985116,0.76965053666369,0.0002637276826036047,0.0004337589407432553,5.9805774379835884e-05,0.006292163009634359,9.78868202414466e-05,7.254528909429343e-06,0.003184119318102219,0.00011135268457477157,1.2335987148419786e-05,3.177525981113994e-08,4.568741407985681e-05,9.829801014370039e-07,5.018177210786209e-06,1.0739811442760397e-05,7.060237859114999e-06,1.1724682380554695e-07,1.7522063645271805e-05,1.3988955622632518e-05,7.245561630184039e-06,2.8220027784887547e-05,8.892551918233325e-06,1.7698420137095547e-05,0.00021246772534451802,1.0602313160999466e-05,3.343495972304087e-05,2.369155176602256e-05,1.844868250061714e-05,4.771190377103861e-05,4.441018742295825e-06,9.758887200659176e-05,0.0,1.0515629461628491e-05,9.745607858914654e-08,0.00044854517331833533,1.6921255935838176e-05,0.0,1.1074589867917397e-05,0.005133679672073987,1.1499041085527222e-05,0.0007430459778790544,0.004016764992164212,5.858622440247816e-05,1.6738921257850928e-05,1.2019143281753324e-05,7.5115909144606064e-06,1.3965042877978467e-05,2.413991572828638e-05,0.002926990139199029,0.00023187332035618958,1.9407610757446515e-05,1.4999269084267092e-05,1.6833224050935844e-08,7.330408948938251e-08,3.470934886538656e-05,1.0745789628923911e-05,6.528179290561871e-06,0.0,6.653909097895315e-06,1.5635945910681805e-05,0.0011281181517419137,1.789491532857511e-05,3.0284950408044675e-06,0.009089838938899681,1.835303152200079e-05,8.786140204522672e-05,7.155888837731277e-06,9.750421632698151e-06,1.0055309127037583e-05,3.142732466161507e-05,5.373193723770139e-05,1.3481782712273088e-07,0.005520402980988765,1.193150331818757e-07,4.725756162261122e-05,7.154711025905006e-08,0.00013001060359111135,8.267831464145643e-06,0.00025379791538600083,7.895988284774783e-05,4.507552367292708e-05,0.0007987813702179396,7.544845471665141e-07,3.9462006865383515e-05,0.00036663319012932477,0.00018027818194705456,2.608581532451158e-05,2.467336456992057e-06,1.5647902283008827e-05,7.07817241760554e-06,2.3141558638978888e-05,Treat
114,0.00016824981423861282,1.6831524997294324e-05,1.1818116201828503e-07,6.5944678931083885e-06,0.00025297454892261753,7.845744546254978e-05,2.1092118365939928e-05,7.39172350332049e-05,0.0007842879030084815,0.18448674010193966,0.00043199944741435797,0.7706104785953668,0.00026513105423383795,0.0004346723037065012,5.916117447213132e-05,0.006471865550867614,9.716479484399177e-05,7.430591165112247e-06,0.0030387576863159056,0.00011244040349164446,1.2403706974247991e-05,3.2403219465393355e-08,4.540256074212156e-05,1.0239981448743293e-06,5.030893317957179e-06,1.0215245192742366e-05,7.103412493458554e-06,1.1764477542729432e-07,1.704237347458224e-05,1.3327077892026116e-05,7.459673713703687e-06,2.8319131690912072e-05,8.8847185946841e-06,1.7151433031800138e-05,0.00021100116066802578,1.0447905581473853e-05,3.397405190589188e-05,2.355686435906424e-05,1.818386350679616e-05,4.677200877217903e-05,4.48109898468231e-06,9.926427121829925e-05,0.0,1.0840519987458243e-05,1.034832390765692e-07,0.00044697295545270964,1.6184438291134874e-05,0.0,1.1436712233582738e-05,0.005259380728000915,1.1393088410695539e-05,0.0007466181411935107,0.003952024898657602,5.955378887811572e-05,1.648980505134494e-05,1.210561085118581e-05,7.786852385357316e-06,1.3872375678115603e-05,2.4305739985293766e-05,0.002958729401415707,0.00024299702714029859,1.9121450929946268e-05,1.5101113356103848e-05,1.659882996682819e-08,7.47172101058224e-08,3.506628296412555e-05,1.048425876721317e-05,6.6380917159955845e-06,0.0,6.763001995712238e-06,1.531923247053958e-05,0.0011197945869010969,1.8432104853022473e-05,3.043634639210461e-06,0.00916164265910513,1.8714620018589886e-05,8.831642943504704e-05,7.1252244049021206e-06,1.0186162644150925e-05,1.0127997546968038e-05,3.210713364494677e-05,5.434074204310063e-05,1.347797521885388e-07,0.005531825008867817,1.213869319926471e-07,4.713554062957204e-05,7.094498334670302e-08,0.00012943915314333988,7.99043022549742e-06,0.0002540215206719094,7.894457815145664e-05,4.620489907464604e-05,0.0007769724418370252,7.446234384598104e-07,3.972676137590336e-05,0.00036971189896864686,0.00017967925583504754,2.585438569778776e-05,2.4527104939386117e-06,1.5740929425115417e-05,7.088871219162865e-06,2.3367827793219884e-05,Treat
115,0.00016491654082734838,1.680652411009781e-05,1.1800691258743527e-07,6.9298317987993345e-06,0.00025006600805609075,7.871750684073003e-05,2.1341190743486874e-05,7.544993862089404e-05,0.0007656666951441176,0.18569035843450946,0.0004296361155414827,0.7692243135838982,0.0002625935292302306,0.0004324664736096615,6.001368897600972e-05,0.006395234385912217,9.656014172462882e-05,7.279687384758156e-06,0.003210701222173699,0.0001101103176884951,1.2662081014893497e-05,3.1123463549094474e-08,4.565217816087505e-05,1.015969209436023e-06,4.909108343555724e-06,1.0858979148798193e-05,7.683366907018306e-06,1.1134849242477102e-07,1.714292371198122e-05,1.418260721540679e-05,6.889463846573288e-06,2.870161403269699e-05,9.00205334640143e-06,1.7775354963522177e-05,0.000211447333759869,1.0630227419517388e-05,3.335945911500736e-05,2.4409155112664022e-05,1.8394330230987724e-05,4.7324695992965513e-05,4.390269398862749e-06,9.846722119228513e-05,0.0,1.0845523164722842e-05,1.0138200993053628e-07,0.0004334795149946855,1.7560059218316717e-05,0.0,1.12222907188323e-05,0.005391010483256365,1.111464284622957e-05,0.0007198153344122706,0.003952292278098854,6.154767116059827e-05,1.614718089040622e-05,1.1935457874825222e-05,7.73719084331964e-06,1.333488021866044e-05,2.4220771335609268e-05,0.0030335237276094486,0.0002487615240497911,1.8729746791768622e-05,1.57704133362967e-05,1.7127911612077904e-08,7.04001935779847e-08,3.452805513731859e-05,1.0240003881332584e-05,6.727992037669227e-06,0.0,6.596495255200028e-06,1.528599790958452e-05,0.0011323848151644608,1.9450085813047493e-05,3.2396952990097075e-06,0.00901421660354495,1.776189897944683e-05,8.750426444192655e-05,7.22586344845676e-06,1.018617994503125e-05,1.0065076088353172e-05,3.123133903886063e-05,5.38508482695047e-05,1.336320365354629e-07,0.005517205387791792,1.27129411494806e-07,4.6127113410260343e-05,7.040351576602126e-08,0.00012971568648626337,8.74638964897005e-06,0.0002536991237564319,7.984780950305872e-05,4.478151500272653e-05,0.0008698452850987231,7.565779671617581e-07,3.982971286300199e-05,0.00037127751260673987,0.00018017562676878268,2.5431809902389783e-05,2.3985234330823856e-06,1.5582029559242004e-05,6.63380014914191e-06,2.3561428115917734e-05,Treat
116,0.00016989767129633494,1.755141232400159e-05,1.1777893627480672e-07,6.418802221349164e-06,0.00024892917364669696,7.961893737508282e-05,2.0617536599378154e-05,7.528420167874366e-05,0.0007567732192084354,0.18623608319713722,0.0004283977375409365,0.7687726824030253,0.00026341446169532136,0.00044345813297989276,6.00759770404397e-05,0.006313433287566827,9.685514066142921e-05,7.335773967256151e-06,0.003111322409086014,0.00011222874508890152,1.2694327607400344e-05,3.092569128827344e-08,4.536993286328777e-05,1.0261412429998609e-06,4.951834860215086e-06,1.1060971685003432e-05,7.43606775196478e-06,1.162797901545095e-07,1.7537084640471805e-05,1.4413649630975965e-05,7.3930847013753574e-06,2.6764112833661197e-05,8.768542320235868e-06,1.7923932095776276e-05,0.00021534508345285206,1.1075299368533218e-05,3.480622950902457e-05,2.362635014063558e-05,1.8038553564014688e-05,4.6521988421251514e-05,4.623528569845157e-06,0.00010279563518344753,0.0,1.118992083677163e-05,9.732852490177338e-08,0.0004417946649225962,1.636221459102842e-05,1.1168187636450365e-08,1.1605423659135737e-05,0.0053662045803560664,1.1734372810903935e-05,0.0007556547765770886,0.004008450479259636,5.8327999649804434e-05,1.63765422745582e-05,1.2293152468566027e-05,8.123796561395002e-06,1.3955163758022507e-05,2.461496030419162e-05,0.002962442499820115,0.0002576055556654162,2.0482091148086445e-05,1.5545536629829997e-05,1.657953110001295e-08,7.354913531618046e-08,3.4945220129175405e-05,1.1247231570890775e-05,6.404474537819379e-06,6.418802221349164e-06,6.7239039026272305e-06,1.5473898212181003e-05,0.0011390124330868407,1.9135484902095265e-05,3.1384661672154105e-06,0.009179870240346737,1.7580067691061165e-05,8.970562658006001e-05,6.791321993123849e-06,1.0258621407334795e-05,1.0115344572036813e-05,3.212266647380533e-05,5.407267764145465e-05,1.3476017615117272e-07,0.005428735860120179,1.2198451564311393e-07,4.6966146610675264e-05,7.257042938363014e-08,0.00012654210093516867,8.195434979043993e-06,0.00025286928661739054,7.920343455271867e-05,4.590589802947022e-05,0.0008448608315657305,7.650849056395357e-07,4.183683590700782e-05,0.0003670036136157556,0.00017972646219777577,2.6233988543058684e-05,2.5442173829605755e-06,1.6047005553372877e-05,0.0,2.3440090254748237e-05,Treat
117,0.00016465665944151436,1.744258095014851e-05,1.182813288682509e-07,7.10261243926107e-06,0.00025323952847445695,7.776993666272428e-05,2.1063200838818905e-05,7.532856621152197e-05,0.0007433470618616082,0.18667237118036048,0.0004273228469053925,0.7689047446403176,0.00026389752440799795,0.0004348504229043852,5.9250955205132924e-05,0.00651672646264534,9.652540004998058e-05,7.021066946272948e-06,0.0031086501946350122,0.00011185595273173825,1.2876033342816521e-05,3.122220921786157e-08,4.5776735962559196e-05,9.985236835555489e-07,5.033411820167303e-06,1.0796623271620678e-05,7.420639861914529e-06,1.1588918501835184e-07,1.778507202069844e-05,1.3675179174099625e-05,7.322785270328845e-06,2.841044975704422e-05,9.296186200640163e-06,1.7573053738929447e-05,0.00021045260830361567,1.0348123060186285e-05,3.2819286717963484e-05,2.3550338374955114e-05,1.9049027162013554e-05,4.7695958848723175e-05,4.552818402210662e-06,9.678347170712904e-05,6.401321199563655e-06,1.0478595848967223e-05,9.60605391618707e-08,0.0004381552258825592,1.705116258380577e-05,0.0,1.1188041637963414e-05,0.005058969613139915,1.1302205328146725e-05,0.000736121282249907,0.003814045847945814,5.8729064050009254e-05,1.6961462541518934e-05,1.1677314595891902e-05,7.852830974751295e-06,1.409106118833877e-05,2.4651202530294102e-05,0.0029191254730161565,0.00024179695900483598,1.9103483454666914e-05,1.5265316287367042e-05,1.6827854698765514e-08,7.367720904258013e-08,3.498301649188278e-05,1.0543832243357655e-05,6.507330340448117e-06,0.0,6.879056663356001e-06,1.5355016329653885e-05,0.001092227982483029,1.730087318280168e-05,3.085571882411473e-06,0.009123933269544075,1.8592372401280383e-05,8.777556865236026e-05,7.420639861914529e-06,1.0258423017899446e-05,1.032365941228988e-05,3.090574184247921e-05,5.340414335788819e-05,1.3521714349015552e-07,0.005440411133007288,1.157740380268709e-07,4.698651305972691e-05,7.197889950096337e-08,0.0001290294335550258,7.999612862129856e-06,0.00025520477485546953,7.93274555787959e-05,4.496418483362273e-05,0.0007852139065733816,7.601841833773785e-07,3.912552753567684e-05,0.0003699882107854788,0.00017833999316491315,2.5915157671609162e-05,2.4219623669910107e-06,1.570566194950259e-05,6.425784847460057e-06,2.3558492924253888e-05,Treat
118,0.0001671965438257045,1.7134091265221457e-05,1.1612417431817609e-07,6.951649316292177e-06,0.00025238298627426343,7.840419798940847e-05,2.1060653846834712e-05,7.498527147476433e-05,0.000783857626258399,0.18592494209734758,0.00042734190266115413,0.7694600044389333,0.00026804083521296144,0.0004379419023426581,6.023552706092687e-05,0.006367166569687057,9.777685343829227e-05,7.151305040781003e-06,0.0030992029626735113,0.00011218836664230274,1.2360504397898119e-05,3.27811591749757e-08,4.606141362279326e-05,1.0124394837819292e-06,5.065526460630067e-06,1.0442599408111651e-05,7.127104346903587e-06,1.171256128390575e-07,1.735189751011835e-05,1.3794395510135909e-05,7.6232185713909115e-06,2.8139356805983464e-05,8.972407255057736e-06,1.730349612236351e-05,0.0002112176059887528,1.0466800101989136e-05,3.263104617840118e-05,2.3922385897840998e-05,1.8713186540723886e-05,4.778427006098844e-05,4.470197252762049e-06,9.934123407576235e-05,0.0,1.0599903918314995e-05,9.67132862342281e-08,0.00044764972742156216,1.678923137746806e-05,1.112894642469044e-08,1.1676834795860676e-05,0.005218505903524094,1.1725236183615577e-05,0.000736433468520136,0.0041341901527559115,5.93643020813394e-05,1.7079639703997267e-05,1.2245551101980318e-05,7.738171867308713e-06,1.3915398979523061e-05,2.397683745906525e-05,0.002963322496822243,0.0,1.8963667351363577e-05,1.4974179336660742e-05,1.721095068693924e-08,7.320319919027031e-08,3.5175708550846665e-05,1.0551502530560096e-05,6.534187346906523e-06,0.0,6.833620284998081e-06,1.5682049632575603e-05,0.0010989494533131532,1.7490566651086514e-05,3.052405793249386e-06,0.009057894816021653,1.8301774744807523e-05,8.755811044854693e-05,7.375161459147248e-06,9.916234316277554e-06,1.0321595938724495e-05,3.149720308147708e-05,5.3786042142591455e-05,1.3670462182038358e-07,0.005516514115359041,1.1813465827723204e-07,4.7185302887521965e-05,7.344842976994624e-08,0.00012920145443813704,8.294787826489649e-06,0.0002544521456007837,8.041890575470475e-05,4.540655188753079e-05,0.0007757720914272469,7.501263409878743e-07,4.044540964265732e-05,0.0003676690417328774,0.00018062187875420968,2.5676936203954766e-05,2.5195432137837928e-06,1.5996658652982172e-05,6.7761942856808315e-06,2.3668278612127975e-05,Treat
119,0.0001709608649284651,1.6602814468774187e-05,1.1590469510154204e-07,0.0,0.0002567420730171316,7.772042135382712e-05,1.9851191212664832e-05,7.150133604395543e-05,0.0008135194326699173,0.17689665279273215,0.00041879997946234036,0.7789047734438586,0.00026035138051034315,0.0004272203417304698,5.991450438731558e-05,0.0058076931120247715,0.00010081998931038254,6.737373987328661e-06,0.0031752189521549986,0.00011381349628594516,1.1670094228051424e-05,2.8329220540052814e-08,4.633627759692631e-05,1.1955988901952869e-06,5.28789833537292e-06,9.26388923257693e-06,6.617063737554945e-06,1.114898277758033e-07,1.9490260463343617e-05,1.4557540222620854e-05,0.0,2.8272908696825617e-05,7.579545735744752e-06,1.6121573469679316e-05,0.00020272277086872846,1.1670094228051424e-05,3.053562862373397e-05,2.2979257706781697e-05,1.6121573469679316e-05,4.451479241627865e-05,4.601816567616751e-06,9.067980411698447e-05,0.0,1.0466991730314179e-05,9.242960748026054e-08,0.0004833767699211397,1.8407468215380087e-05,0.0,1.1429473728503987e-05,0.005638717645613213,1.2993506975562386e-05,0.0007580729630558428,0.003692436443611567,6.171915813392148e-05,1.636219396922675e-05,1.2031024977372576e-05,0.0,1.4076299223525979e-05,2.39417397049715e-05,0.0028519994041421542,0.0,1.789838797479325e-05,1.4918470971942007e-05,1.6532270791054706e-08,8.890532206726814e-08,3.7536797929402546e-05,1.0466991730314179e-05,6.857684237102382e-06,0.0,7.254036832424257e-06,1.6843434968321623e-05,0.0012172799350869744,2.4203084660202285e-05,3.918502746836285e-06,0.009081530589403848,1.8407468215380087e-05,8.722493108595138e-05,8.181096984613342e-06,1.0707612229861615e-05,1.106854297918277e-05,3.3205628937548375e-05,5.209433815202339e-05,1.5898339587255206e-07,0.005461751059823922,1.268324459554007e-07,4.6560066662431985e-05,8.040795051000507e-08,0.0001305366210044931,8.060786734839626e-06,0.0002543358680216573,8.157034934658637e-05,4.7402238410848075e-05,0.0008622479579690032,7.438713683691853e-07,3.597276468234408e-05,0.00037103681030217143,0.0001710811751782383,2.634794470044599e-05,2.27737176689126e-06,1.4918470971942007e-05,7.218614986423532e-06,2.237770645791304e-05,Treat
120,0.00016496660656194263,1.7072817805542045e-05,1.16029842624974e-07,6.669700100155572e-06,0.00025108746942855087,7.796788604221206e-05,2.163364147463477e-05,7.464657529097345e-05,0.0008013710259984211,0.18665494535404803,0.00042766803183811664,0.7686484794508428,0.0002636297345185557,0.0004274251081520478,5.885682403057127e-05,0.006233939058824948,9.731102536444873e-05,7.527377117573513e-06,0.0031878481717050205,0.0001094395874225227,1.278443271845259e-05,3.291677295260675e-08,4.576144885811509e-05,1.0165694505431873e-06,5.159526972555442e-06,1.0968175505097018e-05,7.23475789986618e-06,1.1710111111310994e-07,1.7476430519621e-05,1.3430213060978969e-05,7.063222496382658e-06,2.6910877711217845e-05,9.33354401307703e-06,1.7486520837472992e-05,0.00021427798990454508,1.0534291837462082e-05,3.2744176978928254e-05,2.3591163137918015e-05,1.8757900886821885e-05,4.612284290137859e-05,4.464159899654146e-06,9.655763803705265e-05,0.0,1.0524201519610148e-05,9.791990153491124e-08,0.00044423482870470843,1.6416947145163613e-05,0.0,1.1341517265620115e-05,0.005135684786364876,1.1553413940511616e-05,0.0007128996247457162,0.004082165090201762,5.945215278383777e-05,1.672974699857487e-05,1.2290007143705751e-05,7.5374674354254434e-06,1.472177374603178e-05,2.4438749837483892e-05,0.0029053706133011802,0.00023189515404675143,1.9963203908906983e-05,1.5206109002926625e-05,1.8171068893347428e-08,7.406703975853813e-08,3.3984190525452435e-05,1.1139710908580604e-05,6.619248510895726e-06,0.0,6.528005263545838e-06,1.568035394196941e-05,0.0011165324626161803,1.7084924591199838e-05,2.9642172461938084e-06,0.009119316494366921,1.809193990859152e-05,8.80077523049275e-05,7.204486946310262e-06,9.888511494935709e-06,1.0413208023238404e-05,3.1612965830238244e-05,5.299434935857367e-05,1.329929055599937e-07,0.005527622713547675,1.2007463081075477e-07,4.740431326857947e-05,6.950875451098845e-08,0.00013069988713663452,8.223609049359798e-06,0.0002525808364706427,7.970342071275205e-05,4.583022368367132e-05,0.0008097959944607568,7.442419739277007e-07,3.971549106537437e-05,0.00036981014927489066,0.00017931503854745097,2.582112338320453e-05,2.432991784924353e-06,1.5185928367222637e-05,6.901777410750999e-06,2.2783937709759984e-05,Treat
121,0.00016661984054007877,1.7000031521289386e-05,1.1679810653707061e-07,6.565633031200613e-06,0.00025060585574468143,7.835940291585076e-05,2.078616315484216e-05,7.454810952755013e-05,0.0007959654975159384,0.18623202093804653,0.00042937286860907553,0.7686664226221366,0.0002644057045757063,0.0004380632422535781,5.883528363885929e-05,0.0063678950151583105,9.735767057707043e-05,6.896168332542528e-06,0.003228979676179329,0.00011193127249987292,1.2132147992435894e-05,3.202400970365752e-08,4.5365717651492794e-05,9.988074549397178e-07,4.952641588107439e-06,1.087761628052456e-05,7.301825293280298e-06,1.1616868346818586e-07,1.769115078773158e-05,1.4077798970789359e-05,7.4821172758304396e-06,2.8118037111880823e-05,8.819282813077217e-06,1.7353103320450077e-05,0.0002121736147977455,1.0712348629853603e-05,3.3161971306592675e-05,2.389619985383191e-05,1.8517489041086367e-05,4.7897570030818045e-05,4.534180934444521e-06,9.68997636794254e-05,0.0,1.0622202638578502e-05,9.861835503982623e-08,0.0004403665981984713,1.671456921558502e-05,0.0,1.1410980062235327e-05,0.005225626913505172,1.1373419232537434e-05,0.0007243625762065474,0.0041309456446603785,5.9398696084328466e-05,1.6699544883705834e-05,1.2274879145288076e-05,7.271776629521933e-06,1.4032725975151807e-05,2.414410132983832e-05,0.002985966067866673,0.00023282459475518994,1.89987655507432e-05,1.4844039896627411e-05,1.7421890141234846e-08,6.861337379425067e-08,3.508181493787961e-05,1.0975274437739192e-05,0.0,0.0,6.436610610415566e-06,1.5535159163069612e-05,0.0011014967897715745,1.833077405604941e-05,3.1039649201147946e-06,0.009035304684282831,1.7976613093435942e-05,8.811019430543681e-05,7.098996812911383e-06,9.923571206196778e-06,9.953619869955147e-06,3.1445926623118616e-05,5.285559955094664e-05,1.354264812562421e-07,0.005680644198838222,1.1883421339290099e-07,4.7003622284007e-05,6.846039958298367e-08,0.00012872847554079318,8.315967695124753e-06,0.0002528444811946788,7.932096015611814e-05,4.570401757645811e-05,0.0007574734636465287,7.48122234800337e-07,3.910833588149919e-05,0.00036875720164253415,0.000180637542183352,2.495541525131392e-05,2.4952535034040797e-06,1.568540248186138e-05,7.151581974488526e-06,2.255152215064548e-05,Treat
122,0.00016607664721455853,1.678250141552973e-05,1.1364916037971509e-07,6.73849758409765e-06,0.000252329416291009,7.786151836868567e-05,2.0898448588519177e-05,7.413597348346508e-05,0.0007833245643293833,0.18502592954459232,0.00042673812470752655,0.7701164958708149,0.00026355721023856634,0.0004320659704811123,5.976774174760148e-05,0.00633355360515759,9.786757133120221e-05,7.325839603252144e-06,0.0031720341600189493,0.00011168149137860271,1.2229462507355652e-05,3.145929402838476e-08,4.543123410798529e-05,1.019864740886527e-06,5.031331973617554e-06,1.048564860552495e-05,7.307627447619432e-06,1.1583125591816616e-07,1.762936665245016e-05,1.348610124601172e-05,7.3349456810685e-06,2.842462190373095e-05,8.723622548061592e-06,1.796173849274683e-05,0.00021173452138572834,1.0604027617137507e-05,3.4255133095132995e-05,2.3680355361413534e-05,1.8394277189023406e-05,4.6900853793101494e-05,4.498922213758491e-06,9.93889803964083e-05,0.0,1.0508413800065837e-05,9.683714683539732e-08,0.0004370479930747449,1.6655016326100874e-05,1.0999602449481256e-08,1.0790702212372607e-05,0.00511954730997224,1.1318854725720857e-05,0.0007368711090251988,0.004025814635349776,5.961293842472356e-05,1.695096385513218e-05,1.1619355293660337e-05,7.558044587569022e-06,1.387766259211469e-05,2.3844264762107814e-05,0.0029970066657034004,0.00023139125604078312,1.9362845657090573e-05,1.5061452708239972e-05,1.702425773358476e-08,7.227045180803051e-08,3.453024707959246e-05,1.057670938368844e-05,0.0,0.0,6.656160709031253e-06,1.5307316809281318e-05,0.0011034124679272128,1.764890550498621e-05,3.1155942094412816e-06,0.0091193025255507,1.8248579943961844e-05,8.694483099049281e-05,7.2620970585377164e-06,9.86643531401327e-06,1.0116852453962863e-05,3.143418062203401e-05,5.284712260717682e-05,1.352388129495701e-07,0.005634090695399938,1.1746628258645387e-07,4.682800517057072e-05,7.07273259726857e-08,0.00012846399279413243,8.090750139825382e-06,0.0002533356378897153,7.947329414217908e-05,4.532094929196507e-05,0.0007834680253050344,7.502659405401764e-07,3.864164121367367e-05,0.00036582301715506473,0.0001789207699745176,2.5975086971133252e-05,2.4860324522661526e-06,1.5689772077568e-05,6.8887478680674545e-06,2.3174968042606177e-05,Treat
123,0.00016702547144256934,1.6898945332006583e-05,1.1786364472191736e-07,6.985808956666173e-06,0.0002525892008966825,7.869600801539795e-05,2.138005588161188e-05,7.550409846318077e-05,0.0008262425295063097,0.18529212423797806,0.0004291859764257869,0.769701282444433,0.00026418663818595246,0.000432235037632566,5.9721208420467604e-05,0.006325570302209041,9.846634457336533e-05,7.016884619284805e-06,0.003150130032545364,0.00011222664798089109,1.2461340710067379e-05,3.2074278274990936e-08,4.552889304258373e-05,1.0166162177815857e-06,5.117060896227152e-06,1.1056720759705705e-05,7.371147173137135e-06,1.1464957881222111e-07,1.7843645475612703e-05,1.379137907014439e-05,7.489234691087893e-06,2.7675985128144683e-05,8.651464473024357e-06,1.7682052029995846e-05,0.00021256374744389744,1.0839191121375295e-05,3.433762936990472e-05,2.4201726047382762e-05,1.9012090390072865e-05,4.7216361782734125e-05,4.451027089757599e-06,9.641659459800238e-05,0.0,1.0491143700046728e-05,1.016957268735267e-07,0.0004437593004371709,1.6401734730108626e-05,0.0,1.1118872084942905e-05,0.005212588352577795,1.1118872084942905e-05,0.0007465793784968186,0.004073501989228271,5.878272340938519e-05,1.660061897086781e-05,1.1740385337315375e-05,7.501664956135359e-06,1.4151856756520428e-05,2.416443525224043e-05,0.002976404801846812,0.00023588191417323168,1.8439192971302485e-05,1.4655282490942083e-05,1.6406635842870335e-08,6.919786651809731e-08,3.4046495964962146e-05,1.0665167410711045e-05,6.6191161377664414e-06,6.513458884863147e-06,6.649650266536649e-06,1.5003329912270654e-05,0.0010859918707714668,1.765487199619876e-05,3.1296764512286253e-06,0.00917464641804695,1.8315995547415725e-05,8.823002130679141e-05,6.74341878824096e-06,9.969072568053906e-06,1.0466283169951862e-05,3.236841018355656e-05,5.243085797013891e-05,1.3730131176208508e-07,0.005570214281792928,1.1854250627260536e-07,4.719150125263926e-05,7.470926224665006e-08,0.00013109579032291873,8.09210254588914e-06,0.00025439158932856265,7.987066806238232e-05,4.490433248390866e-05,0.000775754681616307,7.572427027867884e-07,3.918019542955848e-05,0.0003678364032841036,0.0001790579680084996,2.6656703394253908e-05,2.4986030241387097e-06,1.5873448465592043e-05,7.110111607140695e-06,2.3213519976110552e-05,Treat
124,0.000165541563412621,1.6342729422164163e-05,1.1445255708751577e-07,6.791783655964311e-06,0.0002530918996027865,7.844020330548204e-05,2.052228859506527e-05,7.50815460722074e-05,0.0007701727154437937,0.18598443515187044,0.0004267640117189416,0.7689070526307861,0.00026398977361806556,0.000438230009995407,5.897913090666144e-05,0.006573156197312688,9.797474451788915e-05,7.053006104270671e-06,0.003270695735272522,0.0001124644271973805,1.218765985379176e-05,3.1475585888295793e-08,4.574191184065439e-05,1.0079751685116554e-06,5.068161475305481e-06,1.0620325163953863e-05,7.330554955596121e-06,1.131162755553158e-07,1.8465161814653026e-05,1.3722341737591413e-05,7.575451000883324e-06,2.8024270782362432e-05,9.248907310345636e-06,1.7885574507473365e-05,0.00021417791800665425,1.0506040342819838e-05,3.44450173503448e-05,2.3518183549078413e-05,1.826924497842329e-05,4.72730999419344e-05,4.474385331242145e-06,9.64967479140011e-05,0.0,1.0734609985087885e-05,9.792287335636749e-08,0.0004439546901891706,1.743659842444687e-05,0.0,1.147746132245898e-05,0.005099576252753636,1.188562139793761e-05,0.0007405013626194029,0.004062417461472437,5.9640350228936806e-05,1.6603951870470523e-05,1.1926437405485468e-05,7.918305464285332e-06,1.4016216991936017e-05,2.418756607286333e-05,0.0029095174325950825,0.00023554351584652696,1.8495600334512633e-05,1.5061106785161265e-05,1.6885068669831508e-08,7.608788659842877e-08,3.4971155267008615e-05,1.1150933262076062e-05,6.9387212831366454e-06,0.0,6.67019846244988e-06,1.5281513225919765e-05,0.0011314063151474996,1.8064306521403645e-05,3.1305516970545465e-06,0.009147197442924651,1.8816179479564644e-05,8.719931852525358e-05,7.273412545029108e-06,1.0040737856774197e-05,1.0359102715647503e-05,3.1240572177134e-05,5.4685286912626296e-05,1.3340622176272255e-07,0.005523443683210037,1.1800154245035906e-07,4.731391594948226e-05,6.897665223681219e-08,0.00012994184162937552,7.975447874852344e-06,0.00025426740062016456,7.92565234564398e-05,4.5101688340388134e-05,0.000792998083424038,7.497008355005856e-07,3.8718064759902455e-05,0.00036722161990811967,0.00018015369411475578,2.5787553568739607e-05,2.3987783829053664e-06,1.5387634845544173e-05,6.546887610677173e-06,2.3828385206442166e-05,Treat
125,0.00016573403929905157,1.7612507013426326e-05,1.1662355104877189e-07,6.919613829928881e-06,0.0002502496917738284,7.902407975404513e-05,2.0851722212335977e-05,7.501466076714468e-05,0.0007946845286258905,0.18606578262771636,0.00042694946137886576,0.7692414075627838,0.0002639670134853402,0.0004385193341818053,5.8450999709357165e-05,0.006317529693982212,9.724031146404253e-05,6.937028965406905e-06,0.0032047893007304115,0.00011101568362714722,1.2248645286199612e-05,3.247817755860522e-08,4.557301906000823e-05,1.023803289938579e-06,5.134955687354333e-06,1.063484273190409e-05,7.285331674967075e-06,1.1767556182444876e-07,1.6875266278190595e-05,1.3258723143924129e-05,7.47109312006581e-06,2.7893241990610908e-05,8.527611339064993e-06,1.716551853615741e-05,0.00020950988484560662,1.0559377144832713e-05,3.4150455814805534e-05,2.427089381118503e-05,1.8471653697008094e-05,4.711955155833274e-05,4.4718965028367675e-06,9.814093104823202e-05,0.0,1.0739333544772173e-05,9.975838553328144e-08,0.0004234712290762073,1.6689504833091863e-05,0.0,1.1023780757579647e-05,0.005180101401101353,1.155203986707921e-05,0.0007426404904009406,0.003962272409601953,5.963522892186181e-05,1.707263781360808e-05,1.158687013803526e-05,7.209866087895699e-06,1.3641856124440284e-05,2.4178013088635696e-05,0.0029711414859525083,0.00023841472824906925,1.8999386292564284e-05,1.5087312369115027e-05,1.6681568536939262e-08,7.298273674581584e-08,3.4470358156138956e-05,1.099475553178294e-05,6.507455623616022e-06,0.0,6.560904354060708e-06,1.5302099040010466e-05,0.0011215496792341135,1.885803420875196e-05,3.115951372071202e-06,0.009047428892701987,1.8936057309755025e-05,8.70466521642475e-05,7.2679165394890475e-06,1.0193659299794523e-05,1.0391030835212006e-05,3.117309250563589e-05,5.349929618844331e-05,1.3262792071941292e-07,0.005519291953626931,1.1847028525851868e-07,4.8152849596694574e-05,7.244017893961537e-08,0.0001289706883049746,8.254774216576202e-06,0.00025361081292108383,7.945365309583604e-05,4.5633459997542615e-05,0.0007777065646686329,7.561578473312326e-07,3.94859171738055e-05,0.00036622288396704906,0.00017682748059854296,2.5431902843052294e-05,2.55612554066539e-06,1.5360149491603817e-05,7.0647399589122915e-06,2.3220180637345188e-05,Treat
126,0.00016790512871697812,1.7195103543304997e-05,1.1773699109614658e-07,6.736434682259496e-06,0.00025441672907338287,7.870300039438584e-05,2.031045171468029e-05,7.521948506993853e-05,0.0008155721472351302,0.18666620919337923,0.00042730843781791993,0.7682628432596976,0.0002624073948376246,0.00044216654889221805,5.965689452847822e-05,0.006351298712648044,9.907414070980751e-05,7.22194348818808e-06,0.00320806116137649,0.00011127254945876401,1.2238867816117102e-05,3.1185442842821545e-08,4.5882662450589845e-05,9.866823666698322e-07,5.018981210814209e-06,1.0377750726724103e-05,6.665631314728233e-06,1.189226410149683e-07,1.7822219084296105e-05,1.3745968067853849e-05,7.353435456460408e-06,2.8210084577810405e-05,9.244896846224008e-06,1.7336710278367526e-05,0.00021165149508450427,1.033729165956337e-05,3.442801793978138e-05,2.5064392106064586e-05,1.8105432554421166e-05,4.750905961347273e-05,4.572987617394223e-06,0.00010016917134726375,0.0,1.0610390362898229e-05,1.0729123168744732e-07,0.00044775932403889586,1.689166053959961e-05,0.0,1.1126243469197345e-05,0.005220901016103149,1.1460030773273265e-05,0.0007564343385244863,0.003997130773883709,5.824082717785309e-05,1.7184988776514862e-05,1.203657248031351e-05,7.323091156089876e-06,1.398872247081811e-05,2.4791293402729725e-05,0.0029705374634760077,0.0002456564915348609,1.9942390590056687e-05,1.5333986453911994e-05,1.684957486046049e-08,7.464514386815891e-08,3.409687884969481e-05,1.060027559610803e-05,6.908385717692555e-06,6.412762144973774e-06,6.674120038054974e-06,1.4949625315885208e-05,0.0011354822123427987,1.7540819960357765e-05,3.032765434139695e-06,0.009054198606479729,1.8580826593559613e-05,8.787709387307904e-05,7.120795820286284e-06,1.0074307723018715e-05,1.0185570157710644e-05,3.206381072486873e-05,5.274850881078568e-05,1.3535937717463782e-07,0.005659462516974552,1.1636690909891338e-07,4.608287749605744e-05,7.29123590414948e-08,0.00013026808149072084,8.263764467576577e-06,0.000253283875192883,7.958298510513135e-05,4.591092646062439e-05,0.000786637417572544,7.599314110944946e-07,3.968023011787388e-05,0.0003664580008082005,0.00018240970429409534,2.5833114382118223e-05,2.4366076140649776e-06,1.5698118058358446e-05,6.776893749420226e-06,2.3466258953216243e-05,Treat
127,0.0001656826279529539,1.681992310073286e-05,1.183608702652128e-07,6.798584370774118e-06,0.0002542595432190287,7.83377213463343e-05,2.1207075888061154e-05,7.501479321655717e-05,0.0007974118257871676,0.18622708458452367,0.0004283108153587701,0.7689494959027969,0.00026482927604740375,0.0004315716850161838,5.860304605128063e-05,0.006321448371997883,9.690799821324415e-05,7.038976304326384e-06,0.003244087516646447,0.00011084321811135022,1.2380184577940057e-05,3.207963714752517e-08,4.57908654684914e-05,9.91095533075336e-07,5.104253538018669e-06,1.0472073605369178e-05,7.144147775255468e-06,1.1823664516319528e-07,1.730821921576085e-05,1.3597168741548236e-05,7.001415064708834e-06,2.880195853872706e-05,8.759281078809506e-06,1.8036907264341106e-05,0.00021279944692919185,1.1343494364496066e-05,3.360495162983002e-05,2.374621568620665e-05,1.771388060363028e-05,4.725955168678454e-05,4.516989998324182e-06,9.733085442379865e-05,0.0,1.0584757324221833e-05,1.0317577053876864e-07,0.0004532807227514912,1.670723938188027e-05,0.0,1.156134955427774e-05,0.005099056850122845,1.1606423041818802e-05,0.0007332025849410076,0.00395569038314576,5.924909937270226e-05,1.6677190390186225e-05,1.1335982116572554e-05,7.617419394436433e-06,1.4092977104499733e-05,2.4339683272163717e-05,0.0030201757482068953,0.00023418869788014387,1.9101739481166214e-05,1.484420189685045e-05,1.7331528922011236e-08,7.061259219579896e-08,3.4007946349717674e-05,1.0479585853292688e-05,0.0,0.0,6.592591271671255e-06,1.5738159399747807e-05,0.0010954764516263504,1.859684319882336e-05,3.1519740470504904e-06,0.009059267392213894,1.886325453592687e-05,8.734490660661958e-05,7.1591722711024875e-06,9.780946796406536e-06,9.968752994494235e-06,3.0755142998839e-05,5.3930427842859055e-05,1.3507759369341004e-07,0.005628888127782779,1.1689867654595946e-07,4.746238238071928e-05,7.154530524650738e-08,0.0001299318400849824,8.038105278152825e-06,0.000252080991321212,7.911899513037887e-05,4.5704516366618526e-05,0.0007937299763901604,7.370532108264018e-07,3.963462004442461e-05,0.0003665901864192336,0.00017851354740630417,2.5706912394242038e-05,2.432644787417006e-06,1.591094110198849e-05,7.166684519026e-06,2.3686117702818564e-05,Treat
128,0.00016643579550438964,1.705984086278542e-05,1.1770182975466985e-07,6.771343386770341e-06,0.0002532679650245896,7.814237844838683e-05,2.0726406765507078e-05,7.437296557664963e-05,0.0007802182687791853,0.18554507552468108,0.00042783475141838887,0.7697127214929603,0.0002641152626830078,0.0004346418039841898,5.971392537415335e-05,0.0063194359650947576,9.787370253613772e-05,7.231531772279009e-06,0.003127862529284034,0.00011050497724747008,1.2332451084378285e-05,3.236717241778213e-08,4.56285266152049e-05,1.0079569920238473e-06,5.013150257995688e-06,1.0614215229394613e-05,7.20463764585317e-06,1.1496327554189624e-07,1.7248099747766248e-05,1.3868404526920147e-05,7.437720074877038e-06,2.8014715026907278e-05,8.68680283554341e-06,1.7830805820325923e-05,0.0002123709634397088,1.0659038773437663e-05,3.414318159884026e-05,2.378636070551272e-05,1.8135605919818678e-05,4.729780367422808e-05,4.471749400413127e-06,9.890086411032936e-05,0.0,1.0718803498828412e-05,1.0044885864958708e-07,0.0004376401361009289,1.659367600473769e-05,0.0,1.1334380170352994e-05,0.005182578088230856,1.1678027341349727e-05,0.0007391001574826975,0.003934513062722866,5.954060767052022e-05,1.6856640796456966e-05,1.1946968605608008e-05,7.4765671463810155e-06,1.4089534010865877e-05,2.4097137277544546e-05,0.0029300865317063627,0.00024177238308111405,1.9115896818132332e-05,1.4827628369441463e-05,1.715257607522977e-08,7.116319705516434e-08,3.4848811375337864e-05,1.0936944746504577e-05,6.391837380539128e-06,0.0,6.756791391737385e-06,1.5231040265828947e-05,0.001126355042923851,1.782299134779381e-05,2.9990014037390037e-06,0.009115259460051418,1.8016076469037243e-05,8.710708725699684e-05,6.899837546360413e-06,1.0097250354764761e-05,1.041997987187472e-05,3.210561047990312e-05,5.3755382252697034e-05,1.3432390980687386e-07,0.005610377490588121,1.1548000742051547e-07,4.674796820063332e-05,7.235399343132176e-08,0.0001296147481911576,8.10708499925324e-06,0.00025239838827015445,7.934066119247109e-05,4.5361426571568245e-05,0.000798764445152737,7.504089614791391e-07,3.950747171954568e-05,0.000367200449273218,0.00017970057630486367,2.555240834080895e-05,2.4875043081634764e-06,1.5771911030615078e-05,6.8669669473955035e-06,2.304527811066763e-05,Treat
129,0.0001660340580182595,1.7067399244439186e-05,1.166342128444119e-07,6.53631211995893e-06,0.0002537236052626937,7.81033905859504e-05,2.1264193865828564e-05,7.530387705903683e-05,0.0007628292821943647,0.1861476113638814,0.00042704991977370916,0.7690752919762448,0.000261941241935942,0.0004343087770839746,5.898321136365745e-05,0.006395388087385344,9.89048943615324e-05,6.933834591860749e-06,0.003077713681088163,0.00011079146794757963,1.283802081387749e-05,3.073773750147178e-08,4.5572579751608344e-05,9.818389732154868e-07,4.861414806416555e-06,1.0518053600811339e-05,7.135854208728869e-06,1.1686393412927879e-07,1.753660609651999e-05,1.340497909347511e-05,7.311806778259164e-06,2.7455117608561393e-05,8.791111714680578e-06,1.7445371430837598e-05,0.00021068691010794934,1.0694006170341635e-05,3.225304312658361e-05,2.394909974162428e-05,1.8149181708958778e-05,4.701843663559702e-05,4.52080729803141e-06,9.9106244617466e-05,0.0,1.049850331530794e-05,9.46856652400666e-08,0.00043485420520421726,1.6493924203007072e-05,0.0,1.0954676643719834e-05,0.005152096655171516,1.1280514735442594e-05,0.0007512073674760719,0.003981930533186238,5.908747955300875e-05,1.6748077914550845e-05,1.1678037207344414e-05,7.350907349265903e-06,1.3991487658576137e-05,2.4314038404353785e-05,0.0029663717299623625,0.00023646316329013612,1.9033197426280835e-05,1.5118887455936963e-05,1.6433064502943064e-08,7.082249615271994e-08,3.397839620485141e-05,1.0935126358216494e-05,6.392943359600951e-06,0.0,6.73451401333728e-06,1.555551049884546e-05,0.00110729873187083,1.809896869115812e-05,3.0380999701593043e-06,0.00906145088966886,1.8253449898310083e-05,8.566283431391874e-05,7.311806778259164e-06,9.938061797544738e-06,9.938061797544738e-06,3.1886515655991146e-05,5.3144192759985286e-05,1.3517083628094984e-07,0.0056847829843672685,1.1671609247114081e-07,4.7011919873762605e-05,7.18952376064151e-08,0.00013015928411958119,8.374038957275422e-06,0.0002520748645185766,8.009100294545919e-05,4.546744731899661e-05,0.000776871703825981,7.413736098580462e-07,3.850102891796355e-05,0.0003657467411969849,0.00017954330530108573,2.5871544482788673e-05,2.4583251303017853e-06,1.602471735092626e-05,6.920801068191834e-06,2.3486409651377895e-05,Treat
130,0.00016584507870834515,1.6379587283150442e-05,1.165673600147392e-07,6.762730886862981e-06,0.0002518062775488445,7.879776560379142e-05,2.1026328568198736e-05,7.505697184626359e-05,0.0007883613819392992,0.18663333154823328,0.00042759158647966844,0.7686966759990111,0.000262699054585429,0.00043266363039065397,5.892433502462113e-05,0.006369478227305254,9.791197067799109e-05,7.293485753763345e-06,0.003114436812673967,0.00011134252926359627,1.257994482540673e-05,3.176985948806341e-08,4.5500536447804e-05,1.0057461768058627e-06,4.9309843354220404e-06,1.056237334460669e-05,7.286455887976564e-06,1.1667532638902457e-07,1.7708231916848106e-05,1.3402439122457671e-05,7.13531377356127e-06,2.825303059698786e-05,8.857630891317443e-06,1.7349708761723315e-05,0.0002124530888745631,1.0759209586635976e-05,3.348620713076147e-05,2.3349699210722846e-05,1.8562360609939407e-05,4.698059305291613e-05,4.429056836729843e-06,9.758675581867811e-05,0.0,1.0579948009073549e-05,9.692957130118643e-08,0.00043965761710998744,1.6776774700102374e-05,0.0,1.1448136433738423e-05,0.00515529934819906,1.1659032407341211e-05,0.0007433952842105275,0.003921004068605302,5.934261203893335e-05,1.6991185606598593e-05,1.1919137441451355e-05,7.314575351123633e-06,1.418978409057476e-05,2.426709669589501e-05,0.002983629447715738,0.00023380332053283073,1.913736472316248e-05,1.510366664285356e-05,1.721004426939477e-08,7.089224804352431e-08,3.495600762466335e-05,1.0688910928768338e-05,6.495595986966116e-06,0.0,6.729590363101901e-06,1.5131786106000566e-05,0.001129565481145587,1.7946113474590127e-05,2.9911046408392143e-06,0.00906827407928735,1.855884567704604e-05,8.700513390983304e-05,6.906843135491554e-06,9.957804886945325e-06,1.036905203547076e-05,3.137077607341585e-05,5.3785503134499694e-05,1.3564975559756593e-07,0.005546545078779764,1.1921987471537798e-07,4.702980211342342e-05,7.141459634836182e-08,0.00012916323903303234,8.291726695483225e-06,0.000252801003557671,7.927228154439782e-05,4.51071338207446e-05,0.0007876573608057264,7.47345054051653e-07,3.911417323753185e-05,0.00036705389725698583,0.00017812625423781463,2.5342666161269318e-05,2.468913406904606e-06,1.5704720167621502e-05,6.787335417116624e-06,2.3195042163414135e-05,Treat
131,0.00016674030827828413,1.675763321080917e-05,1.1886108774359914e-07,7.016407401273776e-06,0.00025195900399666775,7.864197492389705e-05,2.163753526924142e-05,7.352022652222401e-05,0.0007774445438507504,0.18633159895756374,0.00042605632197725856,0.7690806676453383,0.00026425784344850326,0.0004366675736843905,5.8738415005367744e-05,0.00631141776608641,9.782098085659363e-05,7.208383243673989e-06,0.0030556419500533867,0.00011248545810832912,1.1933466074364125e-05,3.0181687570540616e-08,4.60862886438716e-05,9.945665096672641e-07,5.0629520959471455e-06,1.060202071578169e-05,7.437515700732365e-06,1.1239885020715165e-07,1.7141584895609726e-05,1.3518814966443652e-05,7.369395240525833e-06,2.818329221817912e-05,8.72561167554698e-06,1.7562693195068314e-05,0.0002087520539183911,1.0571056870233316e-05,3.314751649337866e-05,2.3439631080159942e-05,1.788471718877194e-05,4.645815386086128e-05,4.506072561067352e-06,9.878750452382501e-05,0.0,1.0670141175988288e-05,9.8158030192535e-08,0.00044920718064223844,1.6262211682034322e-05,0.0,1.0800189327291629e-05,0.005179829333733372,1.1592863773331392e-05,0.0007378636088819585,0.003974023576401723,5.892419807865835e-05,1.7321175199790557e-05,1.1791032384841332e-05,7.827660154642587e-06,1.3989465418779726e-05,2.399078753092194e-05,0.002927141007059758,0.00024086970370068713,1.877524706097469e-05,1.4831682017696974e-05,1.68253392739712e-08,7.523359805288365e-08,3.479097685821363e-05,1.095500855503381e-05,6.551949718047359e-06,6.459058181402052e-06,6.512709351549395e-06,1.5110356627632837e-05,0.0011069483009782156,1.8410352806076368e-05,3.1441218434658375e-06,0.009106036123442941,1.8491608561521152e-05,8.774534551513488e-05,6.86778094264132e-06,9.574021043573886e-06,9.94558719015506e-06,3.1069122623292586e-05,5.293579034959238e-05,1.3268668648597578e-07,0.00552930985396554,1.1517104835710685e-07,4.725082830690098e-05,7.263707931486697e-08,0.0001288715251725567,8.131105841017161e-06,0.00025476432840335506,7.92117096819881e-05,4.487899773789141e-05,0.0007962533156695797,7.436230925607474e-07,3.964610784020711e-05,0.000365633473774056,0.00017875428035107448,2.558852196122085e-05,2.511940864045665e-06,1.5933994919221036e-05,6.8244315588734965e-06,2.3216691392211287e-05,Treat
132,0.00016609940848763576,1.7170482851367057e-05,1.1699674676593583e-07,6.885593557479103e-06,0.00025165974431739407,7.840752158367665e-05,2.1545444822906084e-05,7.487739575026906e-05,0.0008083106236187656,0.18655688304491586,0.00042689437169446507,0.7686747430320741,0.00026628230897510885,0.00043684117563661163,5.9061986615777184e-05,0.006262820768277588,9.779034315928729e-05,7.040954422945668e-06,0.003195814443722353,0.00011220161703996779,1.2024930987113727e-05,3.2268831935159504e-08,4.576291159834029e-05,1.0534141466675757e-06,5.0552914472601235e-06,1.0887689451898289e-05,7.227387461505554e-06,1.1598643038871374e-07,1.802807482874257e-05,1.4224840842120553e-05,7.3268184154041705e-06,2.81700321264013e-05,8.718851769984789e-06,1.776706857475875e-05,0.00021317996515863032,1.114248127126353e-05,3.216502821898814e-05,2.404986197422745e-05,1.865573272522759e-05,4.776414447904704e-05,4.484597542332438e-06,9.379700169125335e-05,0.0,1.0402963551642554e-05,9.389465281667193e-08,0.00044175414027783214,1.7189126155223045e-05,0.0,1.1422130829103395e-05,0.005150685341824061,1.1583706129188596e-05,0.0007584823972143803,0.003978469232232411,5.915520313505711e-05,1.6617398170305965e-05,1.157749169456996e-05,7.587824669388052e-06,1.3889261372712741e-05,2.4957169428552275e-05,0.0029061329190282715,0.0002354048910193308,1.857526799688309e-05,1.5181863773394745e-05,1.685423991889962e-08,7.531311356554191e-08,3.4278821356547466e-05,1.1179767878975495e-05,0.0,0.0,6.7322928277385986e-06,1.5424226723522643e-05,0.0010988444720929694,1.736349787709556e-05,3.0499508874220814e-06,0.009104051436995098,1.8382297602006428e-05,8.762352812315393e-05,7.165243115318904e-06,9.75666235130155e-06,1.0552109982490476e-05,3.266928279031362e-05,5.313963042419093e-05,1.3659028639850972e-07,0.005640367532566934,1.1810193444458575e-07,4.731049075188463e-05,7.366253684743517e-08,0.00012990654126854002,8.426773342907582e-06,0.0002551522565730825,7.930240016876379e-05,4.589359965882938e-05,0.0007915425185939327,7.519755552809031e-07,3.9244154616859476e-05,0.0003657567639160546,0.00017914350675221044,2.6032266617581065e-05,2.534732981878837e-06,1.5766020627549095e-05,6.898022426716382e-06,2.3092839042953265e-05,Treat
133,0.00016635180483868918,1.6878976173962444e-05,1.1781749842884444e-07,6.700858418467241e-06,0.00025337136474202257,7.755310008712883e-05,2.155407560682575e-05,7.463877589067671e-05,0.0008023199350808137,0.1863392724308244,0.0004295947811940369,0.7688648442870983,0.0002646099232882429,0.00043028143964842685,5.953617582212303e-05,0.006265780028261466,9.796570454380553e-05,7.003841501531457e-06,0.0031890614300782477,0.00011137446749895126,1.2383552755474422e-05,3.1782819251366205e-08,4.6014830333152296e-05,9.98815627318273e-07,4.979615099443397e-06,1.1002513586158335e-05,7.335009057438888e-06,1.1773575576079625e-07,1.743914257172077e-05,1.3658900151628534e-05,7.1236255111150065e-06,2.8078781070023086e-05,9.047215782662407e-06,1.7647003058939213e-05,0.00021080224157149716,1.0791130039834453e-05,3.3372014608101456e-05,2.377360284322661e-05,1.831990734807027e-05,4.793121912894157e-05,4.481070636987525e-06,9.643425531551799e-05,0.0,1.0907390990312623e-05,9.815084221113323e-08,0.0004441701261281691,1.6685207923165573e-05,0.0,1.1372434792225175e-05,0.005202704091310418,1.1654279520656992e-05,0.0007427840511217182,0.004013174225318509,5.934240757132609e-05,1.7185482316132097e-05,1.204181602225079e-05,7.48297753986565e-06,1.4021775239484553e-05,2.4224554408717527e-05,0.002903215745580152,0.00023779196418982932,1.8844243631661728e-05,1.5156200271422725e-05,1.722435254857818e-08,7.230578858126494e-08,3.523763717219212e-05,1.0741807212358909e-05,6.566982172462117e-06,0.0,6.75964613967326e-06,1.5624767132440726e-05,0.0011304795193102786,1.773166876842336e-05,3.0373934270574842e-06,0.00911988299461215,1.8439691357653822e-05,8.763609524677864e-05,7.03554903348005e-06,9.899796086168755e-06,1.0188686932811397e-05,3.1341133801621784e-05,5.3117162132087615e-05,1.3549233572997046e-07,0.005551456114936082,1.1911198449077588e-07,4.6994085406905646e-05,7.287472801603407e-08,0.00012870791829750977,8.08189758778333e-06,0.0002537025322979301,8.007208734748897e-05,4.519380220404725e-05,0.0007957281831675732,7.436987854323604e-07,4.003252061463898e-05,0.00036745858775213063,0.00018006707393600414,2.602131455247056e-05,2.4515978891936083e-06,1.5607151836913707e-05,6.827688546261544e-06,2.3283897627576222e-05,Treat
134,0.0001664232327969699,1.660240907356704e-05,1.1815256069624626e-07,6.495561878524929e-06,0.000250632704348703,7.770915798200208e-05,2.1211549543332397e-05,7.462027921631222e-05,0.0008153797612985287,0.18566695008964454,0.0004259320963183754,0.7696666038578724,0.00026393743972534506,0.0004359530643188068,5.852182889240177e-05,0.006283239423707031,9.65068483927153e-05,7.388879825242355e-06,0.003146157363602093,0.0001121066506218284,1.2306880223393984e-05,3.187618247900744e-08,4.56205812009744e-05,9.894605890562045e-07,4.9792370377037845e-06,1.0781587346286118e-05,7.141791882533263e-06,1.1648172942169884e-07,1.760501591802118e-05,1.3922455233414819e-05,7.198812177004601e-06,2.8785745325606537e-05,8.757366892554103e-06,1.777132511022916e-05,0.00021020056387732833,1.0553506168400825e-05,3.0796435811536207e-05,2.3326052129977327e-05,1.8797690410713005e-05,4.621019697780183e-05,4.432887247705157e-06,0.00010086931665383279,0.0,1.052024432995919e-05,9.734763887173292e-08,0.00044611111934481497,1.6897013928335533e-05,1.0988944959836377e-08,1.1689160366621318e-05,0.005200308752608751,1.1451575806324156e-05,0.0007350656633477387,0.0040917870013810935,5.8944729409730786e-05,1.6863752089893968e-05,1.2055040589478988e-05,7.531430561420638e-06,1.4250321926624954e-05,2.4319155592019526e-05,0.002925242629979437,0.00023339152045511125,1.8582597115650788e-05,1.5167398329372083e-05,1.7434836873566378e-08,7.20995905444633e-08,3.492493036368572e-05,1.0444217270664114e-05,6.528823716966563e-06,0.0,6.594611692931712e-06,1.53004456831385e-05,0.0011202670202827326,1.768430634903069e-05,3.1073882372970596e-06,0.008941790001018761,1.8412803423031597e-05,8.769721289689588e-05,7.165550338563029e-06,9.992806606099435e-06,1.0125853959865912e-05,3.111407401651892e-05,5.3518298052543155e-05,1.3444659658455224e-07,0.005558245274453479,1.1725543926283496e-07,4.7127273380548964e-05,7.286048787366193e-08,0.00012828140748686025,8.096881814927932e-06,0.00025411094231145374,7.942451850734766e-05,4.4271506965776823e-05,0.0007805619508887023,7.377233856200787e-07,3.9120673698533935e-05,0.00036753856308853423,0.00017953314883416854,2.5972744131687907e-05,2.476714007293709e-06,1.584689017182199e-05,6.505065260936861e-06,2.3093219260886063e-05,Treat
135,0.00016828879756148503,1.7835433949328407e-05,1.1745765249500453e-07,6.458092066517783e-06,0.00025115923677441847,7.752233172034803e-05,2.2073556867980747e-05,7.281169350749177e-05,0.000811062348634213,0.1860922806769812,0.00043102719159579246,0.7683211022537176,0.00026089682871846445,0.00043888440889485136,6.036802466866037e-05,0.006433141392279183,9.795613864956475e-05,7.492395874046004e-06,0.003278319655002001,0.0001095605228315886,1.1705291870563514e-05,3.1618839840366234e-08,4.549546956537281e-05,9.82612462265923e-07,5.204593431009219e-06,1.097371112865329e-05,6.735588210000945e-06,1.2547108406110725e-07,1.725521474022724e-05,1.3546857186406454e-05,7.240126652697673e-06,2.7951429725397302e-05,9.233053501349678e-06,1.7053399363148512e-05,0.0002078950653131762,1.0570080374495896e-05,3.269990639443449e-05,2.4823291380677744e-05,1.9576091576632013e-05,4.651844441663593e-05,4.438628253724272e-06,0.00010060542547192338,6.937403587079676e-06,9.939407321125006e-06,1.0404454560071764e-07,0.00044694121635124363,1.652363399831702e-05,1.1763649529734742e-08,1.1932334169777013e-05,0.005268668177373347,1.1806199559102845e-05,0.000734063623483974,0.0042487128093269926,5.809760167652527e-05,1.7961568560002562e-05,1.1755745714833181e-05,8.425791993034953e-06,1.4505480227530179e-05,2.487374522494741e-05,0.0030746356359002192,0.00026061937263707497,1.910997107630008e-05,1.6044322477755122e-05,1.848812532564017e-08,7.208188451670119e-08,3.491406023461181e-05,1.0620534218765563e-05,0.0,6.735588210000945e-06,6.914650905162538e-06,1.574159941213713e-05,0.0011627690113741784,1.6916522997668538e-05,3.0529580165122533e-06,0.009231154317566444,1.7608391650114898e-05,8.660402368888923e-05,6.861722820675176e-06,1.0443945763821733e-05,1.036826499741723e-05,3.188682957843159e-05,5.350630184798527e-05,1.3491272811432018e-07,0.0054428878863240545,1.140384186408644e-07,4.800683282259121e-05,7.839955251642747e-08,0.0001315331720110302,8.223976615956227e-06,0.00025678484041048646,7.981798163461856e-05,4.7552748224164147e-05,0.0007894252775754733,7.734695455040155e-07,3.90765023868596e-05,0.00036397403256140115,0.000178354339493284,2.5302602901239637e-05,2.3819372022316043e-06,1.5136153280901068e-05,0.0,2.356194527393596e-05,Treat
